000101110
000101110
000101110
000101110
000101110
000101110
000101110
000101110
000101110
000101110
000101110
000101110
000101110
000101110
000101110
000101110
000101110
000101110
000101110
000101110
000101110
000101110
000101110
000101110
000101110
000101110
000101110
000101110
000101110
000101110
000101110
001000001
001000000
000111111
000111101
000111010
000110111
000110011
000101111
000101010
000100101
000011111
000011010
000010011
000001101
000000111
000000000
111111001
111110011
111101101
111100110
111100001
111011011
111010110
111010001
111001101
111001001
111000110
111000011
111000001
111000000
110111111
001000000
000111110
000111001
000110001
000101000
000011101
000010000
000000011
111110110
111101010
111011110
111010011
111001011
111000100
111000001
110111111
111000001
111000100
111001011
111010011
111011110
111101010
111110110
000000011
000010000
000011101
000101000
000110001
000111001
000111110
001000000
001000000
000111010
000101111
000011111
000001101
111111001
111100110
111010110
111001001
111000001
110111111
111000011
111001101
111011011
111101101
000000000
000010011
000100101
000110011
000111101
001000001
000111111
000110111
000101010
000011010
000000111
111110011
111100001
111010001
111000110
111000000
000111111
000110101
000100010
000001010
111110000
111011000
111000111
111000000
111000010
111001111
111100011
111111101
000010110
000101101
000111100
001000001
000111100
000101101
000010110
111111101
111100011
111001111
111000010
111000000
111000111
111011000
111110000
000001010
000100010
000110101
000111111
000111111
000101111
000010011
111110011
111010110
111000011
111000000
111001101
111100110
000000111
000100101
000111010
001000001
000110111
000011111
000000000
111100001
111001001
110111111
111000110
111011011
111111001
000011010
000110011
001000000
000111101
000101010
000001101
111101101
111010001
111000001
000111110
000101000
000000011
111011110
111000100
111000001
111010011
111110110
000011101
000111001
001000000
000110001
000010000
111101010
111001011
110111111
111001011
111101010
000010000
000110001
001000000
000111001
000011101
111110110
111010011
111000001
111000100
111011110
000000011
000101000
000111110
000111101
000011111
111110011
111001101
110111111
111010001
111111001
000100101
000111111
000111010
000011010
111101101
111001001
111000000
111010110
000000000
000101010
001000000
000110111
000010011
111100110
111000110
111000001
111011011
000000111
000101111
001000001
000110011
000001101
111100001
111000011
000111100
000010110
111100011
111000010
111000111
111110000
000100010
000111111
000110101
000001010
111011000
111000000
111001111
111111101
000101101
001000001
000101101
111111101
111001111
111000000
111011000
000001010
000110101
000111111
000100010
111110000
111000111
111000010
111100011
000010110
000111100
000111010
000001101
111010110
110111111
111011011
000010011
000111101
000110111
000000111
111010001
111000000
111100001
000011010
000111111
000110011
000000000
111001101
111000001
111100110
000011111
001000000
000101111
111111001
111001001
111000011
111101101
000100101
001000001
000101010
111110011
111000110
000111001
000000011
111001011
111000100
111110110
000110001
000111110
000010000
111010011
111000001
111101010
000101000
001000000
000011101
111011110
110111111
111011110
000011101
001000000
000101000
111101010
111000001
111010011
000010000
000111110
000110001
111110110
111000100
111001011
000000011
000111001
000110111
111111001
111000011
111010001
000010011
001000000
000100101
111100001
110111111
111100110
000101010
000111111
000001101
111001101
111000110
000000000
000111010
000110011
111110011
111000001
111010110
000011010
001000001
000011111
111011011
111000000
111101101
000101111
000111101
000000111
111001001
000110101
111110000
111000000
111100011
000101101
000111100
111111101
111000010
111011000
000100010
000111111
000001010
111000111
111001111
000010110
001000001
000010110
111001111
111000111
000001010
000111111
000100010
111011000
111000010
111111101
000111100
000101101
111100011
111000000
111110000
000110101
000110011
111100110
111000000
111111001
000111101
000100101
111010110
111000110
000001101
001000001
000010011
111001001
111010001
000011111
000111111
000000000
111000001
111100001
000101111
000110111
111101101
110111111
111110011
000111010
000101010
111011011
111000011
000000111
001000000
000011010
111001101
000110001
111011110
111000100
000010000
001000000
000000011
111000001
111101010
000111001
000101000
111010011
111001011
000011101
000111110
111110110
110111111
111110110
000111110
000011101
111001011
111010011
000101000
000111001
111101010
111000001
000000011
001000000
000010000
111000100
111011110
000110001
000101111
111010110
111001101
000100101
000110111
111100001
111000110
000011010
000111101
111101101
111000001
000001101
001000000
111111001
110111111
000000000
001000001
000000111
111000000
111110011
000111111
000010011
111000011
111100110
000111010
000011111
111001001
111011011
000110011
000101010
111010001
000101101
111001111
111011000
000110101
000100010
111000111
111100011
000111100
000010110
111000010
111110000
000111111
000001010
111000000
111111101
001000001
111111101
111000000
000001010
000111111
111110000
111000010
000010110
000111100
111100011
111000111
000100010
000110101
111011000
111001111
000101101
000101010
111001001
111100110
000111111
000000111
110111111
000001101
000111101
111100001
111001101
000101111
000100101
111000110
111101101
001000000
000000000
111000000
000010011
000111010
111011011
111010001
000110011
000011111
111000011
111110011
001000001
111111001
111000001
000011010
000110111
111010110
000101000
111000100
111110110
001000000
111101010
111001011
000110001
000011101
111000001
000000011
000111110
111011110
111010011
000111001
000010000
110111111
000010000
000111001
111010011
111011110
000111110
000000011
111000001
000011101
000110001
111001011
111101010
001000000
111110110
111000100
000101000
000100101
111000001
000000111
000111010
111010001
111100110
001000001
111101101
111001101
000110111
000001101
111000000
000011111
000101010
111000011
000000000
000111101
111010110
111100001
001000000
111110011
111001001
000110011
000010011
110111111
000011010
000101111
111000110
111111001
000111111
111011011
000100010
111000000
000010110
000101101
111000010
000001010
000110101
111000111
111111101
000111100
111001111
111110000
000111111
111011000
111100011
001000001
111100011
111011000
000111111
111110000
111001111
000111100
111111101
111000111
000110101
000001010
111000010
000101101
000010110
111000000
000100010
000011111
110111111
000100101
000011010
111000000
000101010
000010011
111000001
000101111
000001101
111000011
000110011
000000111
111000110
000110111
000000000
111001001
000111010
111111001
111001101
000111101
111110011
111010001
000111111
111101101
111010110
001000000
111100110
111011011
001000001
111100001
000011101
111000001
000110001
000000011
111001011
000111110
111101010
111011110
001000000
111010011
111110110
000111001
111000100
000010000
000101000
110111111
000101000
000010000
111000100
000111001
111110110
111010011
001000000
111011110
111101010
000111110
111001011
000000011
000110001
111000001
000011101
000011010
111000011
000111010
111101101
111100001
000111111
111001001
000001101
000100101
111000000
000110011
111111001
111010110
001000001
111010001
000000000
000101111
110111111
000101010
000000111
111001101
001000000
111011011
111110011
000110111
111000001
000011111
000010011
111000110
000111101
111100110
000010110
111000111
000111111
111011000
111111101
000101101
111000000
000110101
111110000
111100011
000111100
111000010
000100010
000001010
111001111
001000001
111001111
000001010
000100010
111000010
000111100
111100011
111110000
000110101
111000000
000101101
111111101
111011000
000111111
111000111
000010110
000010011
111001101
001000001
111001001
000011010
000001101
111010001
001000000
111000110
000011111
000000111
111010110
000111111
111000011
000100101
000000000
111011011
000111101
111000001
000101010
111111001
111100001
000111010
111000000
000101111
111110011
111100110
000110111
110111111
000110011
111101101
000010000
111010011
000111110
111000001
000110001
111101010
111110110
000101000
111000100
001000000
111001011
000011101
000000011
111011110
000111001
110111111
000111001
111011110
000000011
000011101
111001011
001000000
111000100
000101000
111110110
111101010
000110001
111000001
000111110
111010011
000010000
000001101
111011011
000110111
111000000
000111111
111001101
000011111
111111001
111101101
000101010
111000110
001000001
111000011
000101111
111100110
000000000
000011010
111010001
000111101
110111111
000111010
111010110
000010011
000000111
111100001
000110011
111000001
001000000
111001001
000100101
111110011
000001010
111100011
000101101
111000111
000111111
111000000
000111100
111001111
000100010
111110000
111111101
000010110
111011000
000110101
111000010
001000001
111000010
000110101
111011000
000010110
111111101
111110000
000100010
111001111
000111100
111000000
000111111
111000111
000101101
111100011
000001010
000000111
111101101
000011111
111010110
000110011
111000110
000111111
110111111
001000000
111000011
000110111
111010001
000100101
111100110
000001101
000000000
111110011
000011010
111011011
000101111
111001001
000111101
111000000
001000001
111000001
000111010
111001101
000101010
111100001
000010011
111111001
000000011
111110110
000010000
111101010
000011101
111011110
000101000
111010011
000110001
111001011
000111001
111000100
000111110
111000001
001000000
110111111
001000000
111000001
000111110
111000100
000111001
111001011
000110001
111010011
000101000
111011110
000011101
111101010
000010000
111110110
000000011