000000000000000000000000000000000000000000000000000000010
000000000000000000000000000000000000000000000000000000100
000000000000000000000000000000000000000000000000000001100
000000000000000000000000000000000000000000000000000100001
000000000000000000000000000000000000000000000000001011010
000000000000000000000000000000000000000000000000011110101
000000000000000000000000000000000000000000000001010011001
000000000000000000000000000000000000000000000011100010000
000000000000000000000000000000000000000000001001100110011
000000000000000000000000000000000000000000011010000110000
000000000000000000000000000000000000000001000110111011100
000000000000000000000000000000000000000011000000110011100
000000000000000000000000000000000000001000001100000110001
000000000000000000000000000000000000010110010000101001000
000000000000000000000000000000000000111100100000100100111
000000000000000000000000000000000010100100011110110000010
000000000000000000000000000000000110111111000110101011111
000000000000000000000000000000010010111111010110110010000
000000000000000000000000000000110011100111101011100001100
000000000000000000000000000010001100010100010101010101110
000000000000000000000000000101111101011011000100111100001
000000000000000000000000010000001100110100001100000000010
000000000000000000000000101100000010010110110100011001111
000000000000000000000001110111101101000101100101111010001
000000000000000000000101000101011000111111101001111011010
000000000000000000001101110100100000001101000101010101100
000000000000000000100101100100010101000011011010111000011
000000000000000001100110000111101001001100101011101110111
000000000000000100010101100101101110001011100010000011110
000000000000001011110010100100001111001111010000101101110
000000000000100000000011000111111010011100110100001111100
000000000001010111000111100010000011100111010011010110000
000000000011101100110011110111100010000000111011111001001
000000001010000011101101111010110111000111110000001100100
000000011011010101110011100011100111011101111100001001000
000001001010010100011101101111010110100010001100110000001
000011001010000001011010010101100110001001110010101000100
001000100101001001110010001100111000010000000011110010100
010111010100110000001001011010011000011011111111100101000
111111011001101110001011000010101011101111110110111010000