000000000000000000000000000000000000000000000
111111111111111111111111111111111111111111111
111111111111111111111111111111111111111111111
111111111111111111111111111110111111111011111
111000001100001100000000000000000100011011111
101000000000000001000000000000000000000010011
101000000000000001001000100000000010000010011
111111000000011101111000110111111010110011111
111111000000010100000000000111110100111011111
111110010000000100000000000000000000000011011
111000010000000001001000000000000000000010011
111000000000110001001000100001010000100011011
111110000000010001001000100001010000000001011
111110000000010001000000000011000000000011011
111100110000000101101000000110000100100011011
111000110110001101001100110110010100100011111
111111111110000111001100111110000010000011011
111111111110010111110100101011000000001011111
111111110000000001111001100010010000000011011
111100110000010101111001110010011000100011111
111101110100000101111000100111001100110011111
111100010111000101001100101011010100010011111
111110010100010111111100111111111000101111111
111110010100111111111000100011111000100011111
111100010000000101101000100001011000000011111
111100010000000101001000110000001000010011111
111110010000000101001000100000010000010011111
111110010110000101001000000010010000000011011
111110010110000011101000110001010000000011011
111100010100000011001000010100011000100011111
111101010000001111001100010110011000110011111
111100110000000101001100010110011000000011011
111100010000000101001000010011011000000011011
111110000110010011110000110110010000000011011
111100000110010011110100111111000000000011011
111000110110000000000100111111001010000011111
111100010010000001001000111110001010000011001
111100010000010001101000111110011010100011011
111100000000011001101000111110011010100011011
111100010100010001001100111001001010110011011
111100000100000001001000111101001010110011011
111100000100000000001100111000011010100011011
111100000000000000001000110001001010100001011
111100000000010000001000110001000010100001011
111100000000010001101100111011000000100011011
111100000000111001101100111111000000100011011
111100000000111001001000111011001000100011011
111110000000010001000000110101000010100000011
111110000000010001001000111100000000100010011
111000000000000000101100111100000010100011011
111000000000000000001100111000000010110011011
111110000000000011000000110001000000110011011
111110000100010011000000110110001010101111011
111110000100010011101000110111001010101011011
111100000100010011101100111101001010100011011
111000000000000011001100111001000000000011011
111110000000110011101000110001000000000111011
111110000000111011101000111001001000100010011
011110000000010001001100110000000010000010011
111100000000000001001100110000000000100011011
111100000000000001001000111000000000100011011
111110000000000000001000110000000000101111011
011110000000000000001100110000000000100000010
011100000000010000000100110000000000100000010
011100000000000000000000110000000000100000010
011100000000000000001000110000000000000000010
011100000000000000000001110000000010100000010
011110000000000001101001111000001010100010010
011110000000011001101001111011001010100010010
011110000000010001101001111100001000100010010
011110000000000001101001111000001000100010010
111111000110011011101001110000001010111111010
011110010110011011101111111101001010101011010
011110010110011010101101111110001010101111010
011110010010011011101111111111001110110111010
110110010000011111111011111111001110110111110
010111010111111011111111111111001110111111010
010110010111010011111111111111001110111111010
011110000101110011111101111111001110111111010
010110010110110011111101111101001110101111010
010110010110010011101101111111001110101111010
011110010101010010101001111110001010111111010
011110010101010010101001111110001010100111010
010110000110010000101001111101001010100111010
010110000100011000101001110110000000100000010
010110000100010010101000110100000000000001010
010110010000010010101000110000001010100000000
010110000000010000101000110000000000100001010
011110000000011010101000110000000000100001010
011111000000011010101000110100000000100001010
011111000000011010101101110100000000101011010
011111000000010010101101110000000000101000010
011111000000010010101000110000000000101000010
010110000000011011101000110000000000101000010
011110000000000010101000110000000000100001010
011110000000001010101100110010000000100001010
011110000000110010101100111111000000101001010
011110000000111010101101111101001010101101110
011110000000011011101100111101001100101011110
011110000000000110101100111001000000000011110
010110000000000111111100111000000000100011110
010110000000110111110110111001000000101011110
010100000000110111111101111001000000111111110
010100000000111011110101111001000000111001010
010100000000001111111101111000001000111001110
010101000001111111111101111000000000100111110
010111000001111011111011111100000000100100110
011111110001011011111101111100000000110100110
011111110101011011111001111100100000110101110
011111110101111010111011111100000000110101111
011111110100111010111111111100010010111101111
010111010100111010111111111100000010111100010
010111010100111011111111111100000011111100010
010111010100111010111011111100000000111100110
010111000100011010111111111110001100110100110
010111000100011110111111111110101100111101110
010111000100111011111111111111101000111100110
010111000100111010111111111111001000111100110
011111000000111010111111111000101100011100110
010111000000111011111111111100000000111101010
010111010100011010111111111111000000111100010
010111000000011010111111111101000000111000110
010111000000011010111001011101000000111000010
010111010000011010111001111101000000111100110
010111010000011010111000011100000000111100110
010111000000001010111010011100000000011100110
010111000000011010111000011100000000111100010
010111010000011010111101111100000000111100110
010111000000011010111111011100000000111100110
010111000000010011111111011100000000001100110
011111000000000010111111011000000000111100010
010111000000010010111011011000000001111100010
011111000000010000111010011000000000111100010
011111000000010010111010010000000000011100010
011111000000001010111010111100000000011100010
010111000000001010101011011100000010001100010
010111000000001010111111010000000000111100010
010111000000001010111011010000010000111100010
010111000000000010101011010000000010111100010
010111000000000010111011010000000000011100010
011111000000000010111011010000000000001000110
011111000000000010111010010000000000001100010
010110000000000010110000010000000000101000010
010101000000010010101011010000000010101000010
011100000000000010100011010000000010001000010
011100000000000010100010010000000000001000111
010101000000001010100010010000000000000000010
111111000000010010101010010010000010100000010
111111111111111111111111111111111111111111111
111111111111111111111111111111111111111111111
011111100000011010111011011000110011101000011
011111000000000010101011010000000000000000010
011100000000000010100000010000000000000000010
011100000000000000100001010000000000000000010
010100000000000000000010010000000000000000010
010100000000000000000000010000000000000000010
010100000000000000000010010000000000100000010
010100000000001000000010010000000000100000010
010100000000001010001000010000000000000000010
010100000000000000000000010000000000000000010
010110000000000000000000010000000000000000010
010100000000000010000000010000000000000000010
010100000000000000000000010000000000000000010
010000000000000000101000010000000000000000010
010100000000000000000000010000000000000000010
010100000000000010000000010000000000000000010
010110000000000000001000010000000000000000010
010111000000000000101000010000000000000000010
010110000000000000001000010000000000000000010
010110000000000000001000010000000000000000010
010100000000000000101000010000000000000000010
010110000000000000101000010000000000000000010
010110000000000000101000010000000000000000010
010110000000000000001000010000000000000000010
010100000000000000001000010000000000000000010
010110000000000000001000010000000000000000010
010110000000000000101000010000000000000000010
010111000000010000001000010000000000000000010
010100000000000000000000010000000000000000010
010100000000010000000000010000000000000000010
010110000000000000000000010000000000000000010
010110000000000000001000010000000000000000010
010110000000010000001000010000000000000000010
010110000000010000000000010000000000000000010
010110000000000000000000010000000000000000010
010100000000000000000000010000000000000000000
010110000000000000000000010000000000000000010
010110000000000000000000010000000000000000010
010110000000010000001000010000000000000000010
010110000000000000001000010000000000000000010
011110000000000000000000010000000000000000010
011110000000000000000000010000000000000000010
010110000000010000000000010000000000000000010
010100000000010000001000010000000000100000010
010110000000000000000000010000000000000000010
010110000000000000000000010000000000000000010
010110000000000000000000010000000000000000010
110100000000000000000000010000000000000000010
110100000000000000000000010000000000000000010
110100000000000000000000010000000000000000010
110100000000000000000000110000000000000000010
110110000000000000100000010000000000100000010
010100000000000000000000010000000000000000010
110100000000000001000001010000000000000000010
110100000000000000100000110000000000000000010
010100000000000000000000010000000000000000010
010100000000000000100000010000000000000000010
010100000000000000000000010000000000000000010
110100000000000000000000010000000000000000010
110100000000000000100000010000000000000000010
111100000000000001001000010000000000000000010
111100000000000000000000010000000000000000010
111100000000000000000000010000000000000000010
111100000000000000000000010000000000100000010
111100000000000000000000010000000000100000010
111101000000000010100000010000000000100000010
111100000000000000100000011000000000100000010
111100000000000000100001110000000000000000011
111100000000000000100001110000000000000000010
010100000000000000100000110001000000100000010
111110000000000000100001111001000000100000010
111100100000000000100001111001000010100001010
111100000000001001001000110001000011100001010
111100000000100001111001110001001001100001010
111101000000100001101001110001000001100001110
011100000000000011001001010011000001100001110
111110000001000010001000110001000000100001111
111110100000110011001000010001101101100001111
111011000001110001000011010001001001100001010
010010000000000010001001010001000001110001110
011011000110000000011011110001000001110000100
011111000010100100100001010011100001100000100
111111000011101110000001111001000001100101110
011111000010101101000011011001000000100001110
011111000000001100101010010011001001111000111
011110001000011100111001010111000001111000111
111110001000010110001011010101100000110100110
111110000000000000001011000001100001100100110
111111000000000000000000000001100001100000010
001110000000001000000000000001100000000000010
001100000000000000000000000001100100110000011
100100100000000000000000010001100100110000010
100000100000000100000000010001001000110000010
011000000000000100000000000001100001101000010
110100000001010100000000100001100001101100011
110110000001111100000001110001100000101101011
111111000001110100000000111001000110001101011
110111101001010100000001110001110100001100011
110101001001110100000001110001100000101101011
111101100000110001000000110001100000100011011
111101000000110100000000010101100100100111011
111000000000100001000000010001100000100111011
111000000000100000000000010001101100100111010
111110000001100000000000010001111110100101010
111110000000100010000000010001010100000101010
111101000000000000000001010101100000000001011
011101000000000000000000011001101111010101011
011100000000110000000000011001100001010100010
111101100100111010000010011000100011100100010
111101000111111010000010111001101001110100011
111101000100011010000011111001101111100101111
011101000100010011000011110001111111100101110
010000000000011000000011001001100011001100011
010000000000110000000001101000000110000000110
011000000000000000000000000000000000000000000
010000000000000000000000000000000000000000010
010101000000000000000000000001001001010000010
011100000000000010000001111000000001000100011
011100000000010100000001010001000001000000010
010100000000000100100001010001001001000000010
011101000000000000000001110001101101000001010
011101000000000111000001111001101101000000110
011101000000001110000011110001101001000100110
011101000000000010000011110001101000000100110
011101000000001000000001110001001100000100011
011000000000010000001001110001001100000000011
010100000000100010000011110001101001000001011
011100000000000010100001110001101001000100010
010001000001000010110010110001100000000101010
000001000000000000100010110001100001000100110
000000000000100010100010110001100001100100010
011100000000000010100010110001100001100100010
010100000000000010100001110001101001101000010
000101000000010010111001110011101101101100110
010101000000101000101000111101101000100101110
111111000100101100101011110101101001100101010
111111000000001100111011110111100001101000011
011101001000001000110011110011100101001000010
010101001000000000110010110001100001001001110
011001000000000000100010110001000000000001110
011111000000000000100000110101100001000100111
011100000000000000000000110011000000000000010
011100001000110000001001110001000000000000010
011100000000100001000010110001000001000000110
011101000000100100101001110001100001000101110
011001000000000000001001110001000000000001111
011111000010000000001010110001001001000000011
011101000000000000101001110001001001000100011
011001000000000001100000111101001000000100000
000001000000000000000000110001001000000100000
000001001000000000000001100001000011000000000
010000000000000000100000011001000011000100000
011000000000000001100000011001010011010100010
101000000000001000100000011000010011000100010
101000000000010000110001011000000001000000010
000000000000000001100010010001010011000000010
000000000000000000000001001010000011000000000
000000000000000000010011001010000001000000000
001000000000000000010000010000000001100000000
001000000000000000000000010000010001000000000
000010000000000010000000010000010001000000000
000000000000000000000000010000000001000000010
000100000000000000000010010000000011000000011
000101000000010000110010010000000011000100011
001110000000001000110011011000010011100000011
101100000000001000100011000000010011000000011
101000000000011010100010010000010001000000010
001000000000100000010000010000000001000000010
000000000000000000000000010000000011000000000
001000000000001001100011000000100111101000000
000000000000001000010011000000000001101000000
000000000000000000100010000000000001010100000
000000000000000000010011000000010011011000010
000000000000000000110010000000010011010000010
000000000000000000110010000000010001110000010
000000000000000010010000000000000001101000010
000000000000000010110010000000000001000000000
000000000000000000110011000000000101000000000
000000000000000000010011000000000001000000000
000000000000000000010010000000000001000000000
000000001000000000110010000000000001000000000
000000000000000010110011000100010001000000000
000000000000000000100010000100000001000000000
000000000000000000000010000000000001010000000
000000000000000001000000000000000001000000000
000100000001000000100000000000000000000000010
000100000000000000000000000000010001000000010
000110001100011000000000000000010001010000010
000110000000000000110010000000000101011000010
000100010100100000110010000000000001000000010
000100001000000000110000000000000001000000000
000100001000000000100000000000000000000000000
000000000000000000000000000000000000000000000
000000000000000000000000000000000000000000000
000000000000000000000000000000000000000000000
000000000000000000000000000000000000000000000
000000000000000000000000000000000000000000000
000000000000000000000000000000000000000000000
000000000000000000000000000000000000000000000
000000000000000000000000000000000000000000000
000000000000000000000000000000000000000000000
000000000000000000000000000000000000000000000
000000000000000000000000000000000000000000000
000000000000000000000000000000000000000000000
000000000000000000000000000000000000000000000
000000000000000000000000000000000000000000000
000000000000000000000000000000000000000000000
000000000000000000000000000000000000000000000
000000000000000000000000000000000000000000000
000000000000000000000000000000000000000000000
000000000000000000000000000000000000000000000
000000000000000000000000000000000000000000000
000000000000000000000000000000000000000000000
000000000000000000000000000000000000000000000
000000000000000000000000000000000000000000000
000000000000000000000000000000000000000000000
000000000000000000000000000000000000000000000
000000000000000000000000000000000000000000000
000000000000000000000000000000000000000000000
000000000000000000000000000000000000000000000
000000000000000000000000000000000000000000000
000000000000000000000000000000000000000000000
000000000000000000000000000000000000000000000
000000000000000000000000000000000000000000000
000000000000000000000000000000000000000000000
000000000000000000000000000000000000000000000
000000000000000000000000000000000000000000000
000000000000000000000000000000000000000000000
000000000000000000000000000000000000000000000
000000000000000000000000000000000000000000000
000000000000000000000000000000000000000000000
000000000000000000000000000000000000000000000
000000000000000000000000000000000000000000000
000000000000000000000000000000000000000000000
000000000000000000000000000000000000000000000
000000000000000000000000000000000000000000000
000000000000000000000000000000000000000000000
000000000000000000000000000000000000000000000
000000000000000000000000000000000000000000000
000000000000000000000000000000000000000000000
000000000000000000000000000000000000000000000
000000000000000000000000000000000000000000000
000000000000000000000000000000000000000000000
000000000000000000000000000000000000000000000
000000000000000000000000000000000000000000000
000000000000000000000000000000000000000000000
000000000000000000000000000000000000000000000
000000000000000000000000000000000000000000000
000000000000000000000000000000000000000000000
000000000000000000000000000000000000000000000
000000000000000000000000000000000000000000000
000000000000000000000000000000000000000000000
000000000000000000000000000000001100000000000
000001000110000000100001000001001100000011000
000000000100000100100000000100001000000010001
000001010100010101100100000101001100000111011
000000000100010101101100000001001000000011011
000001010100000101100100000000001000001000011
010001000100010101001101000001001000000011011
010001000110010101101101001111001100000111011
010001000110010101101101001111001100000111011
010001000110010101101101001111001100000111011
010000000110010101001100000100001100000111011
010001010110010101101101000111001000000111011
010001010110010101101101001100001100000111011
010001010100010101101101000101001000000011011
010000000100000101001001000000001100000010011
010001000110011101101101000101001000000111011
011001000110010101101101001111001100000011011
010001000110010101101101000101001100000111011
110000000100010101101000000111001000000110011
010001010100010101101100000101001100000111011
110001010100011101101101000001001100000011011
010001010100010101101101000100001100000100011
110001000000000101001001000001001000000011011
110000010110010101101101001111001000000011011
010001000110010101101101000101001100000111011
010001000110010101101101001111001000000111011
010000000100010101001100000100001100000111011
110000010100010101101101000101001000000011011
110001010110010101101100001000001100000110011
110000010100010101101101001100001000000011011
010000000100010101001000000000001000000010011
110001000110010101101101000101001000000111011
110001000110010101101101000111001100000011011
100001000110010101101101000001001100000011011
110000000010000101101100000111001000000010011
110001010100010101101101000101001100000011011
110000010110010101101101001101001000000011011
110001010100010101101101001100001100000100011
110001000100000101001100000000001000000010011
110000000100010101101101000101001000000011011
110001000110010101101101000101001100000111011
110001000110010101101101000111001000000110011
110000000100010101001100000000000000000111011
110000010100010101101101000101001000000010011
100001010100010101001100000000000000000010011
100000000100000101101100000000001000000011011
110000000000010101001000000000001000000010011
110001000100010101101101000101000000000011011
110001000110010101101101000101001100000011011
110001000110010101101101000001001100000011011
110000000000000001001000000001001000000010011
110001010100010101101100000100001100000011011
110000010100010101101101000101001000000011011
110001000100010101101100000100001100000000011
110000000100000101001100000000001000000010011
110000000100010101001101000100000000000011011
110001000110010101101101000100001100000011011
110000000110010101101101000101001000000010011
110000000000011101001000000000000100000011011
110000010100010101101101000001001000000010011
110001010100010101101100001100001100000010011
110000000100010101101101000000001000000000011
110000000000011101001000000000000000000010011
101001000100010101101101000100001000000011011
110001000110011101001101000101001100000011011
110001000110010101101101000001001100000011011
110000000000000101001000000100001000000010011
110000010100010101101100000000001100000011011
110000010100010101101101001100001000000010011
110001000100010101101100000100001000000000011
110000000000000101001000000000001000000010011
110000000100010101001101000100000000000010011
110001000110010101001101000100001100000011011
110000000110010101101101000001001000000010011
110000000000010101001000000000000000000010011
010000010100010101101101000001001000000000011
110000000110010101101100001000001100000000011
110000000100001101001100000000001000000010011
111000000000010101001000000000000000000010011
110000000100010101001101000100000000000010011
110000000110011101001101000100001100000011011
110001000110010101001001000000001100000010011
110000000000000101001000000000001000000010011
110000000100010101101100000000001000000010011
110000000100010101001101000000001000000010011
110000000100010101001100000000000000000000011
110000000000001101001000000000000000000010011
110000000100010101001101000100000000000010011
110001000110010101001101000100001100000011011
110000000110010101001100000001001000000010011
110000000000010101001000000000000000000010011
110000010100000101001001000000001000000000011
100000000100010101101100000000001100000010011
110000000100010101001100000100000000000010011
110000000000010101001000000000000000000010011
110000000100010101001101000000000000000010011
110000000110010101001101000100001100000011011
110001000110010101001001000000001000000010011
110000000000010101001000000000000000000010011
110000000100010101001100000000000000000010011
110000000100000101001101000000001000000010011
110000000100010101001100000000000000000010011
110000000000000101001000000000000000000010011
110000000100010101001101000000000000000010011
110001000100010101001101000100001000000011011
110000000110010101001100000000000000000010011
110000000000010101001000000000000000000010011
110000010100000101001001000000001000000010011
110000000110010101001100000100001100000010011
110000000100010101001101000100000000000010011
110000000000010101001000000000000000000010011
110000000100010101001101000100000000000010011
110000000110010101001100000100001100000010011
110000010100000101001001000000001000000010011
110000000000010101001000000000000000000010011
110000000110010101001100000000000000000010011
110001000100010101001101000100001000000011011
110000000100010101001101000000000000000010011
110000000000000101001000000000000000000010011
110000000100010101001100000000000000000010011
110000000100000101001101000000001000000010011
110000000100010101001100000000000000000010011
110000000000010101001000000000000000000010011
110001000110010101001001000000001000000010011
110000000110010101001101000100001100000011011
110000000100010101001101000000000000000010011
110000000000010101001000000000000000000010011
110000000100010101001100000100000000000010011
100000000100010101101100000000001100000010011
110000010100000101001001000000001000000000011
110000000000010101001000000000000000000010011
110000000110010101001100000001001000000010011
110001000110010101001101000100001100000011011
110000000100010101001101000100000000000010011
110000000000001101001000000000000000000010011
110000000100010101001100000000000000000000011
110000000100010101001101000000001000000010011
110000000100010101101100000000001000000010011
110000000000000101001000000000001000000010011
110001000110010101001001000000001100000010011
110000000110011101001101000100001100000011011
110000000100010101001101000100000000000010011
111000000000010101001000000000000000000010011
110000000100001101001100000000001000000010011
110000000110010101101100001000001100000000011
010000010100010101101101000001001000000000011
110000000000010101001000000000000000000010011
110000000110010101101101000001001000000010011
110001000110010101001101000100001100000011011
110000000100010101001101000100000000000010011
110000000000000101001000000000001000000010011
110001000100010101101100000100001000000000011
110000010100010101101101001100001000000010011
110000010100010101101100000000001100000011011
110000000000000101001000000100001000000010011
110001000110010101101101000001001100000011011
110001000110011101001101000101001100000011011
101001000100010101101101000100001000000011011
110000000000011101001000000000000000000010011
110000000100010101101101000000001000000000011
110001010100010101101100001100001100000010011
110000010100010101101101000001001000000010011
110000000000011101001000000000000100000011011
110000000110010101101101000101001000000010011
110001000110010101101101000100001100000011011
110000000100010101001101000100000000000011011
110000000100000101001100000000001000000010011
110001000100010101101100000100001100000000011
110000010100010101101101000101001000000011011
110001010100010101101100000100001100000011011
110000000000000001001000000001001000000010011
110001000110010101101101000001001100000011011
110001000110010101101101000101001100000011011
110001000100010101101101000101000000000011011
110000000000010101001000000000001000000010011
100000000100000101101100000000001000000011011
100001010100010101001100000000000000000010011
110000010100010101101101000101001000000010011
110000000100010101001100000000000000000111011
110001000110010101101101000111001000000110011
110001000110010101101101000101001100000111011
110000000100010101101101000101001000000011011
110001000100000101001100000000001000000010011
110001010100010101101101001100001100000100011
110000010110010101101101001101001000000011011
110001010100010101101101000101001100000011011
110000000010000101101100000111001000000010011
100001000110010101101101000001001100000011011
110001000110010101101101000111001100000011011
110001000110010101101101000101001000000111011
010000000100010101001000000000001000000010011
110000010100010101101101001100001000000011011
110001010110010101101100001000001100000110011
110000010100010101101101000101001000000011011
010000000100010101001100000100001100000111011
010001000110010101101101001111001000000111011
010001000110010101101101000101001100000111011
110000010110010101101101001111001000000011011
110001000000000101001001000001001000000011011
010001010100010101101101000100001100000100011
110001010100011101101101000001001100000011011
010001010100010101101100000101001100000111011
110000000100010101101000000111001000000110011
010001000110010101101101000101001100000111011
011001000110010101101101001111001100000011011
010001000110011101101101000101001000000111011
010000000100000101001001000000001100000010011
010001010100010101101101000101001000000011011
010001010110010101101101001100001100000111011
010001010110010101101101000111001000000111011
010000000110010101001100000100001100000111011
010001000110010101101101001111001100000111011
010001000110010101101101001111001100000111011
010001000110010101101101001111001100000111011
010001000100010101001101000001001000000011011
000001010100000101100100000000001000001000011
000000000100010101101100000001001000000011011
000001010100010101100100000101001100000111011
000000000100000100100000000100001000000010001
000001000110000000100001000001001100000011000
000000000000000000000000000000001100000000000
000000000000000000000000000000000000000000000
000000000000000000000000000000000000000000000
000000000000000000000000000000000000000000000
000000000000000000000000000000000000000000000
000000000000000000000000000000000000000000000
000000000000000000000000000000000000000000000
000000000000000000000000000000000000000000000
000000000000000000000000000000000000000000000
000000000000000000000000000000000000000000000
000000000000000000000000000000000000000000000
000000000000000000000000000000000000000000000
000000000000000000000000000000000000000000000
000000000000000000000000000000000000000000000
000000000000000000000000000000000000000000000
000000000000000000000000000000000000000000000
000000000000000000000000000000000000000000000
000000000000000000000000000000000000000000000
000000000000000000000000000000000000000000000
000000000000000000000000000000000000000000000
000000000000000000000000000000000000000000000
000000000000000000000000000000000000000000000
000000000000000000000000000000000000000000000
000000000000000000000000000000000000000000000
000000000000000000000000000000000000000000000
000000000000000000000000000000000000000000000
000000000000000000000000000000000000000000000
000000000000000000000000000000000000000000000
000000000000000000000000000000000000000000000
000000000000000000000000000000000000000000000
000000000000000000000000000000000000000000000
000000000000000000000000000000000000000000000
000000000000000000000000000000000000000000000
000000000000000000000000000000000000000000000
000000000000000000000000000000000000000000000
000000000000000000000000000000000000000000000
000000000000000000000000000000000000000000000
000000000000000000000000000000000000000000000
000000000000000000000000000000000000000000000
000000000000000000000000000000000000000000000
000000000000000000000000000000000000000000000
000000000000000000000000000000000000000000000
000000000000000000000000000000000000000000000
000000000000000000000000000000000000000000000
000000000000000000000000000000000000000000000
000000000000000000000000000000000000000000000
000000000000000000000000000000000000000000000
000000000000000000000000000000000000000000000
000000000000000000000000000000000000000000000
000000000000000000000000000000000000000000000
000000000000000000000000000000000000000000000
000000000000000000000000000000000000000000000
000000000000000000000000000000000000000000000
000000000000000000000000000000000000000000000
000000000000000000000000000000000000000000000
000000000000000000000000000000000000000000000
000000000000000000000000000000000000000000000
000000000000000000000000000000000000000000000
000000000000000000000000000000000000000000000
000000000000000000000000000000000000000000000
000000000000000000000000000000000000000000000
000100001000000000100000000000000000000000000
000100001000000000110000000000000001000000000
000100010100100000110010000000000001000000010
000110000000000000110010000000000101011000010
000110001100011000000000000000010001010000010
000100000000000000000000000000010001000000010
000100000001000000100000000000000000000000010
000000000000000001000000000000000001000000000
000000000000000000000010000000000001010000000
000000000000000000100010000100000001000000000
000000000000000010110011000100010001000000000
000000001000000000110010000000000001000000000
000000000000000000010010000000000001000000000
000000000000000000010011000000000001000000000
000000000000000000110011000000000101000000000
000000000000000010110010000000000001000000000
000000000000000010010000000000000001101000010
000000000000000000110010000000010001110000010
000000000000000000110010000000010011010000010
000000000000000000010011000000010011011000010
000000000000000000100010000000000001010100000
000000000000001000010011000000000001101000000
001000000000001001100011000000100111101000000
000000000000000000000000010000000011000000000
001000000000100000010000010000000001000000010
101000000000011010100010010000010001000000010
101100000000001000100011000000010011000000011
001110000000001000110011011000010011100000011
000101000000010000110010010000000011000100011
000100000000000000000010010000000011000000011
000000000000000000000000010000000001000000010
000010000000000010000000010000010001000000000
001000000000000000000000010000010001000000000
001000000000000000010000010000000001100000000
000000000000000000010011001010000001000000000
000000000000000000000001001010000011000000000
000000000000000001100010010001010011000000010
101000000000010000110001011000000001000000010
101000000000001000100000011000010011000100010
011000000000000001100000011001010011010100010
010000000000000000100000011001000011000100000
000001001000000000000001100001000011000000000
000001000000000000000000110001001000000100000
011001000000000001100000111101001000000100000
011101000000000000101001110001001001000100011
011111000010000000001010110001001001000000011
011001000000000000001001110001000000000001111
011101000000100100101001110001100001000101110
011100000000100001000010110001000001000000110
011100001000110000001001110001000000000000010
011100000000000000000000110011000000000000010
011111000000000000100000110101100001000100111
011001000000000000100010110001000000000001110
010101001000000000110010110001100001001001110
011101001000001000110011110011100101001000010
111111000000001100111011110111100001101000011
111111000100101100101011110101101001100101010
010101000000101000101000111101101000100101110
000101000000010010111001110011101101101100110
010100000000000010100001110001101001101000010
011100000000000010100010110001100001100100010
000000000000100010100010110001100001100100010
000001000000000000100010110001100001000100110
010001000001000010110010110001100000000101010
011100000000000010100001110001101001000100010
010100000000100010000011110001101001000001011
011000000000010000001001110001001100000000011
011101000000001000000001110001001100000100011
011101000000000010000011110001101000000100110
011101000000001110000011110001101001000100110
011101000000000111000001111001101101000000110
011101000000000000000001110001101101000001010
010100000000000100100001010001001001000000010
011100000000010100000001010001000001000000010
011100000000000010000001111000000001000100011
010101000000000000000000000001001001010000010
010000000000000000000000000000000000000000010
011000000000000000000000000000000000000000000
010000000000110000000001101000000110000000110
010000000000011000000011001001100011001100011
011101000100010011000011110001111111100101110
111101000100011010000011111001101111100101111
111101000111111010000010111001101001110100011
111101100100111010000010011000100011100100010
011100000000110000000000011001100001010100010
011101000000000000000000011001101111010101011
111101000000000000000001010101100000000001011
111110000000100010000000010001010100000101010
111110000001100000000000010001111110100101010
111000000000100000000000010001101100100111010
111000000000100001000000010001100000100111011
111101000000110100000000010101100100100111011
111101100000110001000000110001100000100011011
110101001001110100000001110001100000101101011
110111101001010100000001110001110100001100011
111111000001110100000000111001000110001101011
110110000001111100000001110001100000101101011
110100000001010100000000100001100001101100011
011000000000000100000000000001100001101000010
100000100000000100000000010001001000110000010
100100100000000000000000010001100100110000010
001100000000000000000000000001100100110000011
001110000000001000000000000001100000000000010
111111000000000000000000000001100001100000010
111110000000000000001011000001100001100100110
111110001000010110001011010101100000110100110
011110001000011100111001010111000001111000111
011111000000001100101010010011001001111000111
011111000010101101000011011001000000100001110
111111000011101110000001111001000001100101110
011111000010100100100001010011100001100000100
011011000110000000011011110001000001110000100
010010000000000010001001010001000001110001110
111011000001110001000011010001001001100001010
111110100000110011001000010001101101100001111
111110000001000010001000110001000000100001111
011100000000000011001001010011000001100001110
111101000000100001101001110001000001100001110
111100000000100001111001110001001001100001010
111100000000001001001000110001000011100001010
111100100000000000100001111001000010100001010
111110000000000000100001111001000000100000010
010100000000000000100000110001000000100000010
111100000000000000100001110000000000000000010
111100000000000000100001110000000000000000011
111100000000000000100000011000000000100000010
111101000000000010100000010000000000100000010
111100000000000000000000010000000000100000010
111100000000000000000000010000000000100000010
111100000000000000000000010000000000000000010
111100000000000000000000010000000000000000010
111100000000000001001000010000000000000000010
110100000000000000100000010000000000000000010
110100000000000000000000010000000000000000010
010100000000000000000000010000000000000000010
010100000000000000100000010000000000000000010
010100000000000000000000010000000000000000010
110100000000000000100000110000000000000000010
110100000000000001000001010000000000000000010
010100000000000000000000010000000000000000010
110110000000000000100000010000000000100000010
110100000000000000000000110000000000000000010
110100000000000000000000010000000000000000010
110100000000000000000000010000000000000000010
110100000000000000000000010000000000000000010
010110000000000000000000010000000000000000010
010110000000000000000000010000000000000000010
010110000000000000000000010000000000000000010
010100000000010000001000010000000000100000010
010110000000010000000000010000000000000000010
011110000000000000000000010000000000000000010
011110000000000000000000010000000000000000010
010110000000000000001000010000000000000000010
010110000000010000001000010000000000000000010
010110000000000000000000010000000000000000010
010110000000000000000000010000000000000000010
010100000000000000000000010000000000000000000
010110000000000000000000010000000000000000010
010110000000010000000000010000000000000000010
010110000000010000001000010000000000000000010
010110000000000000001000010000000000000000010
010110000000000000000000010000000000000000010
010100000000010000000000010000000000000000010
010100000000000000000000010000000000000000010
010111000000010000001000010000000000000000010
010110000000000000101000010000000000000000010
010110000000000000001000010000000000000000010
010100000000000000001000010000000000000000010
010110000000000000001000010000000000000000010
010110000000000000101000010000000000000000010
010110000000000000101000010000000000000000010
010100000000000000101000010000000000000000010
010110000000000000001000010000000000000000010
010110000000000000001000010000000000000000010
010111000000000000101000010000000000000000010
010110000000000000001000010000000000000000010
010100000000000010000000010000000000000000010
010100000000000000000000010000000000000000010
010000000000000000101000010000000000000000010
010100000000000000000000010000000000000000010
010100000000000010000000010000000000000000010
010110000000000000000000010000000000000000010
010100000000000000000000010000000000000000010
010100000000001010001000010000000000000000010
010100000000001000000010010000000000100000010
010100000000000000000010010000000000100000010
010100000000000000000000010000000000000000010
010100000000000000000010010000000000000000010
011100000000000000100001010000000000000000010
011100000000000010100000010000000000000000010
011111000000000010101011010000000000000000010
011111100000011010111011011000110011101000011
111111111111111111111111111111111111111111111
111111111111111111111111111111111111111111111
111111000000010010101010010010000010100000010
010101000000001010100010010000000000000000010
011100000000000010100010010000000000001000111
011100000000000010100011010000000010001000010
010101000000010010101011010000000010101000010
010110000000000010110000010000000000101000010
011111000000000010111010010000000000001100010
011111000000000010111011010000000000001000110
010111000000000010111011010000000000011100010
010111000000000010101011010000000010111100010
010111000000001010111011010000010000111100010
010111000000001010111111010000000000111100010
010111000000001010101011011100000010001100010
011111000000001010111010111100000000011100010
011111000000010010111010010000000000011100010
011111000000010000111010011000000000111100010
010111000000010010111011011000000001111100010
011111000000000010111111011000000000111100010
010111000000010011111111011100000000001100110
010111000000011010111111011100000000111100110
010111010000011010111101111100000000111100110
010111000000011010111000011100000000111100010
010111000000001010111010011100000000011100110
010111010000011010111000011100000000111100110
010111010000011010111001111101000000111100110
010111000000011010111001011101000000111000010
010111000000011010111111111101000000111000110
010111010100011010111111111111000000111100010
010111000000111011111111111100000000111101010
011111000000111010111111111000101100011100110
010111000100111010111111111111001000111100110
010111000100111011111111111111101000111100110
010111000100011110111111111110101100111101110
010111000100011010111111111110001100110100110
010111010100111010111011111100000000111100110
010111010100111011111111111100000011111100010
010111010100111010111111111100000010111100010
011111110100111010111111111100010010111101111
011111110101111010111011111100000000110101111
011111110101011011111001111100100000110101110
011111110001011011111101111100000000110100110
010111000001111011111011111100000000100100110
010101000001111111111101111000000000100111110
010100000000001111111101111000001000111001110
010100000000111011110101111001000000111001010
010100000000110111111101111001000000111111110
010110000000110111110110111001000000101011110
010110000000000111111100111000000000100011110
011110000000000110101100111001000000000011110
011110000000011011101100111101001100101011110
011110000000111010101101111101001010101101110
011110000000110010101100111111000000101001010
011110000000001010101100110010000000100001010
011110000000000010101000110000000000100001010
010110000000011011101000110000000000101000010
011111000000010010101000110000000000101000010
011111000000010010101101110000000000101000010
011111000000011010101101110100000000101011010
011111000000011010101000110100000000100001010
011110000000011010101000110000000000100001010
010110000000010000101000110000000000100001010
010110010000010010101000110000001010100000000
010110000100010010101000110100000000000001010
010110000100011000101001110110000000100000010
010110000110010000101001111101001010100111010
011110010101010010101001111110001010100111010
011110010101010010101001111110001010111111010
010110010110010011101101111111001110101111010
010110010110110011111101111101001110101111010
011110000101110011111101111111001110111111010
010110010111010011111111111111001110111111010
010111010111111011111111111111001110111111010
110110010000011111111011111111001110110111110
011110010010011011101111111111001110110111010
011110010110011010101101111110001010101111010
011110010110011011101111111101001010101011010
111111000110011011101001110000001010111111010
011110000000000001101001111000001000100010010
011110000000010001101001111100001000100010010
011110000000011001101001111011001010100010010
011110000000000001101001111000001010100010010
011100000000000000000001110000000010100000010
011100000000000000001000110000000000000000010
011100000000000000000000110000000000100000010
011100000000010000000100110000000000100000010
011110000000000000001100110000000000100000010
111110000000000000001000110000000000101111011
111100000000000001001000111000000000100011011
111100000000000001001100110000000000100011011
011110000000010001001100110000000010000010011
111110000000111011101000111001001000100010011
111110000000110011101000110001000000000111011
111000000000000011001100111001000000000011011
111100000100010011101100111101001010100011011
111110000100010011101000110111001010101011011
111110000100010011000000110110001010101111011
111110000000000011000000110001000000110011011
111000000000000000001100111000000010110011011
111000000000000000101100111100000010100011011
111110000000010001001000111100000000100010011
111110000000010001000000110101000010100000011
111100000000111001001000111011001000100011011
111100000000111001101100111111000000100011011
111100000000010001101100111011000000100011011
111100000000010000001000110001000010100001011
111100000000000000001000110001001010100001011
111100000100000000001100111000011010100011011
111100000100000001001000111101001010110011011
111100010100010001001100111001001010110011011
111100000000011001101000111110011010100011011
111100010000010001101000111110011010100011011
111100010010000001001000111110001010000011001
111000110110000000000100111111001010000011111
111100000110010011110100111111000000000011011
111110000110010011110000110110010000000011011
111100010000000101001000010011011000000011011
111100110000000101001100010110011000000011011
111101010000001111001100010110011000110011111
111100010100000011001000010100011000100011111
111110010110000011101000110001010000000011011
111110010110000101001000000010010000000011011
111110010000000101001000100000010000010011111
111100010000000101001000110000001000010011111
111100010000000101101000100001011000000011111
111110010100111111111000100011111000100011111
111110010100010111111100111111111000101111111
111100010111000101001100101011010100010011111
111101110100000101111000100111001100110011111
111100110000010101111001110010011000100011111
111111110000000001111001100010010000000011011
111111111110010111110100101011000000001011111
111111111110000111001100111110000010000011011
111000110110001101001100110110010100100011111
111100110000000101101000000110000100100011011
111110000000010001000000000011000000000011011
111110000000010001001000100001010000000001011
111000000000110001001000100001010000100011011
111000010000000001001000000000000000000010011
111110010000000100000000000000000000000011011
111111000000010100000000000111110100111011111
111111000000011101111000110111111010110011111
101000000000000001001000100000000010000010011
101000000000000001000000000000000000000010011
111000001100001100000000000000000100011011111
111111111111111111111111111110111111111011111
111111111111111111111111111111111111111111111
111111111111111111111111111111111111111111111