0000000000000000000000000000000000000000000000
1111111100111111111111111111101111111111111111
1111111000000100110110111111101001111111111110
1111100000000000000000000111111111111111011111
1111100000000000000000000011110101111101111000
1111100000000000000000000010110000100110110010
1111000000000000110010011010001000101111111111
1111000111111101111100111111111111111111111111
1111111111000001110000001111111111011111011000
1111111011000000000000000010010010010000001000
1111111000000000000000000010000000000000000010
1111110000000000010010001010000000000100110110
1111100111011000011101111110011110011111001011
1111110111111111011001111111111111011111101011
1111111111111110101011111111111111111111111111
1111111001100110110111111111111111111111100111
1111111001101110110111111111111111111111110111
1111111111111111111111111111111111111011110111
1111111111111111111111111111111111111111111111
1111111111111111111111111111111111111111111111
1111111111111110111110111111111111110111100111
1111111111110110110100111111111011110111110111
1111111110111111111011111110101011111111110111
1111111111111111111011111111111111111111111111
1111111011111110111011111111111111111111111111
1111111111111110110011111111111111111111101111
1111111111111110111011111111111111111111111111
1111111111111111111011111111111111111111111111
1111111111111111111111111111111111111111111111
1111111111111111111101111111111111111111111111
1111111111111111111101111111111111111111100111
1111111111111111110011111111111111111111110111
1111111111111111111111111111111111111111110111
1111111111111111101111111111111111111111110111
1111111011111110101101111111111111111111110111
1111111011101110110011111111111111111111111111
1111111001111110110110111111111111111011111111
1111110011111011011101111111111111111011111111
1111100011111010011101111111111111111011111111
1111111011111110110111111111111111111011111111
1111111011101110010111111111111111111011111111
1111111001101110110111111111111111111111111111
1111111001111111111111111111111111111111111111
1111111111111111111111111111111111111111111111
1111111011111111110111111111111111111111111111
1111111011111100110111111111111111111111111111
1111111111111101110111111111111111111111111111
1111111101111101010111111111111111111111111111
1111111101111101011111111111111111111111111111
1111111001111101011111111111111111111111111111
1111111001001100010101111111111111111111111111
1111111101111101010011111111111111111111111111
1111111111111101010011111111111111111111111111
1111111101011101010011111111111101111111111111
1111111001011000010001111111111111111011011111
1111111010001100010001111110111111110011111111
1111110001001100010011111110111111111011011111
1111110001011000010010111110111111111010011111
1111100001001000010001111110111101111011011111
1111100000001000010001111110111111111011011111
1111100000001000010101111110111111111011010111
1111000000001000010100011110111111011010010111
1111000000001000000100011110110100011010010111
1111000000001000000100011110110100011000010111
1111100000001000010110011111111100011010010111
1111100000001000010100011011111100011000000111
1111100000001000010110111111111100001010010111
1111100101111000010101111111111100111010010111
1111100111111001010111111111111101111011111111
1111110111111001010111111111111111111111111111
1111100111111001011111111111111111111111111111
1111100111111001011111111111111111111011111111
1111110111111001011111111111111111111011111111
1111110011111001011111111111111111111011111111
1111110011111001010111111111111111101011111111
1111010001011001011111111111111111111011111111
1111000001001001010111011111111111101011110111
1111000001011001000111011111111111101011011111
1111010001011001010011011111111111001011011111
1111000011011000010011011111111111101011101111
1111000011011000010011011111111111101011111111
1111000001011000010011011111111111101011011111
1111000001011000010011011111111111101011011111
1111000001011001010011011111111111101011011111
1111010011011001010111011111111101101011111111
1111010011011000010111111111111111101011111111
1111010011011001010111111111111111111011111111
1111010011011001010111111111111111111011111111
1111000011111001110111011111111111111110111111
1111010111111011111111111111111111111111111111
1111010111111011110111111111111111101111111111
1111010111111011110111111111111111101111111111
1111010111111011110111111111111111111111111111
1111010111111011111111111111111111111110111111
1111010111111011111111111111111111111110111111
1111000111111011111111111111111111111111111111
1111110111111011111111111111111111111111111111
1111010111111011111111111111111111101111111111
1111000111011001111111011111011111111110011111
1111000011011001011111011111011101101110011111
1111000011011000111111011110011101001110011110
1111000011011001111111011110011001001010011111
1111000001011001110111011110011000001010011111
1111000000011001010111011110011100001010011111
1111000000011000010100011110010100000000011111
1111000000000000010100011110011100000000011111
1111000000000000010100011110011100000000011111
1111000000000000010100011110011100001000011111
1111000000000000010100001110000100000000001111
1111000000010000010100001110000100000000001111
1111000000000000000100000110000100000000001011
1111000000000000010101000110000100001000001011
1111000000000000010101010111000100001000001111
1111000000010000010100001110010101001000001011
1111000000010010000101010111010101000000001011
1111000000010000000101001111000101001000011011
1111000000010000100101001111111101001000011111
1111000000000000100100000111110101001000011001
1111010000000000100100000111110101001000011011
1111010000000000100100000111110101001000011111
1111010000000000100101000111110101001000111111
1111010000000000000101000111110101001100011111
1111000000000000000101000111110101001000111111
1111010000000000000101000110110101001100111111
1111010000000010000100000111110101101100111111
1111010000000000100101000110110101101100111111
1111010000000000100101000110110101101100111111
1111010000000000100101000111110101101100111111
1111010000000010000101000111110101101100111111
1111010000000000100101000111110101101100111111
1111000000000000100101000111010101101100011111
1111000000010000100101000111010101001100110111
1111010000010000100101000111111101100100111111
1111000000000000100101000111111101101100111111
1111000000000000100101000111011101101100111111
1111000000000010100101000111110101101000111111
1111000000000000100101000111110101101000111111
1111000000000000100101000111010101101000111101
1111000000000000100101000111010101001000011101
1111000000000000100101000110010101000000011101
1111000000000000100101000110010000000000011101
1111000000000000100100000110010000000000011101
1111000000000000100100000111000000000000011101
1111000000000000100100000111000000000000111101
1011000000000000100100000111000000000000111101
0011000000000000000100000111000000000000111101
1011000000000000000100000111000000000000111101
1011000000000000000100000111000000000000011101
1011000000000000000100000111010000000000011101
1011000000000000000100000011000000000000000101
1111000000000000000100000011000000000000001101
1111000000000000000100000010000000000000001101
1111000000000000000100000010000000000000000101
1111000000000000000100000010000000000000000001
1111000000000000000100000010000000000000000001
1111000000000000000100000000000000000000000001
1111000000000000000100000000000000000000000101
1111000000000000000100000000000000000000000001
1111000000000000000100000000000000000000000001
1111000000000000000100000000000000000000000000
1111000000000000000100000000000000000000000000
1111000000000000000100000000000000000000000001
1111000000000000000100000000000000000000000001
1111000000000000000100000000000000000000000001
1111000000000000000100000000000000000000000001
1111000000000000000100000000000000000000000001
1111000000000000000100000000000000000000000001
1111000000000000000100000010000000000000000001
1111000000000000000100000000000000000000000001
1111000000000000000100000010000000000000000001
1111000000000000000100000010000000000000000001
1111000000000000000100000010000000000000000000
1111000000000000000100000010000000000000000000
1111000000000000000100000000000000000000000001
1111000000000000000000000010000000000000000001
1111000000000000000000000010000000000000000001
1111000000000000000100000010000000000000000001
1111000000000000000100000010000000000000000001
1111000000000000000100000010000000000000000001
1111000000000000000100000010000000000000000001
1111000000000000000100000010000000000000000001
1111000000000000000100000001000000001000000100
1111000000000000000000000011000000001000000000
1111000000000000000000000011000000000000000000
1111000000000000000000000010000000000000010000
1111000000000000000000000010000000000000100101
1110000000000000000000000010000000000000110101
1110000000000000000000000010010000000000011001
1111000000000000000000000010000000001000010001
1111000000000000000000000010000000001000010000
1111000000000000000000000010000000000100010000
1111000000000000000000000010000000000000010000
1111000000000000000000000010000000000000000001
1111000000000000000000000010000000000000010001
1111000000000000000000000010000000000000010001
1111000000000000000000000011000000000000010001
1111000000000000000000000011000000000100000000
1111000000000000000000000011000000000100011001
1111000000000000000000000011000000000000011001
1111000010000000000000000011000000000000000100
1110000010000000000000000011010000000000000100
1110000010000000000000000011000000000010000101
1110000000000000000000000010000000000000001100
1110000000000000000000000010000000000000000100
1110000000000000000000000010000000000000000100
1110000000000000000000000010000000000000000100
1110000000000000000000000010000000000000000100
1110000000000000000000000010000000000000000000
1110000000000000000000000010000000000000000000
1110000000000000000000000010000000000000000101
1110000000000000000000000010000000000100001101
1110000000000000000000000010000000000000000100
1110000000000000000000000010000000000000010000
1110000000000000000000000010000000000000010000
1111000000000000000000000010000000000000000000
1111000000000000000000000010000000000000000000
1111000000000000000000000010000000000000000000
1111000000000000000000000010000000000000000000
1111000000000000000000000010000000000000000000
1111000000000000000000000010000000000000000000
1110000000000000000000000010000000000000000000
1111000000000000000000000010000000000000000000
1111000000000000000000000010000000000000000000
1110000000000000000000000010000000000000000000
1111000000000000000000000010000000000000000000
1111000000000000000000000010000000000000000100
1111000000000000000000000010000000000000000000
1111000000000000000000000010000000000000000000
1111000000000000000000000010000000000000000001
1110000000000000000000000010000000000000000001
1111000000000000000000000010000000000000000000
1111000000000000000000000011000000000000000000
1111000000000000000000000011010001000000000001
1111000000000000000000000011000100000000000101
1111110000000000000000010111010100100000110100
1111110000000000000000010111010010100000110000
1111100000000000000000000111010010100000110001
1111000000000000000000010011010000000000100001
1111100000000000000000010001010000010000000101
1111100000000000000000010010010000000000000101
1111101000000000000000000110010100110000000101
1111011000000110000000000110010100110000000001
1111011000010010000101000110010011110010000101
1111011010110010000101010110010101110110010101
1111111111100010000001010110010101100110000101
1111111111000010000001010111010111100000100101
1111111011010110000101100111110110001100100101
1111111011010110000001100111100110100100111101
1111111011010110000001000111000111010101111101
1111111011010111100101000111000111010101111101
1111111011010110110001100111000110010101111101
1111111011010110010001100111000111000101111101
1111111011010110000001100111000111000101111101
1111110011110110000101100111000111000101111101
1111110011000010000101100111010111000000101101
1111010010000010010101100011010111100000101001
1111000010000010100101100111010101100000101001
1111110010000010001101000011010101000100101101
1111110010000010001101010011010111110010101101
1111110011000000001101010010010111000011110101
1111110011000000001101010011010111000100100101
1111110001000000001101000111010111000000100101
1111110001000010000101000111010111000000100101
1111010001000010000100000011000001000000100001
1111010001000010000101000111000000000000100101
1111000001000010000101000111000001000000100101
1111010000000010000101000111000000000000100101
1111010000000000100101000111000001000000100101
1110010000000000100100000111000000000000100001
1111010000000010100000010111000000000000100001
1111010000000010100001000010000001000000100001
1111010000000000100101000010000001000000100001
1111010000000000100100000011000001000000100001
1111000000000000100000000011000001000000100001
1111000000000000000001000111000000000000100001
1111000000000000100101000011000001010000100101
1110000000000000100101000011000001010000100001
1111000000000000000100000011000001000000100001
1111010000000000000000000010000001000000100001
1111010000000000100100000111000001000000100001
1111010000000000000000000011000001000000000001
1111000000000000100000000011000000000000100001
1101000000000000100000000010000010000000000001
1111000000000000100100000010000011000000100001
1111000000000000000000000010000011100000100001
1110000000000000000100000010000010000000000000
1110000000000000000100000010000011000100100101
1111000000000000000100000010000001010100100001
1111000000000000100000000010000000010000000001
1111000000000000100000000010000000010000000001
1111000000000000100000000010000000000000000001
1111000000000000100101000011000010000000100001
1111000000000000000100000011000000000000100001
1111000000000000100100000011000001000000000001
1111000000000000100101000010000001010000000001
1111000000000000100000000010000000010000000001
1111000000000000100000000010000000000000000001
1111000000000000100000000010000000000000001001
1111000000000000100000000010000000000000000001
1110000000000000000000000010000000000000000001
1111100000000000000000000010000000000000100001
1111110000000000000000000010000101000000000001
1111010010000000000000000010000001000000000001
1111000000000000100100000011000001000000000001
1111000000000000000100000110000000000000001001
1111000000000000000100000110000000000000001001
1111001000000000100101000110000010100000101101
1111000000000000100101000110000000100000001101
1111000000000000000000000110000000000000001001
1111000000000000000000000110000010100000001101
1111000000000000000100000110000000000000001001
1110000000000000000000000110000000100000001001
1110000000000000000100000110000000000000001001
1111000000000000100101000110000000000100101101
1111000000000000100100000110000000000100101001
1110000000000000100101000110000010000000101001
1111000000000000100101000110000010100000000001
1111000000000000100000000110000001000000000001
1111000000000000100001000110000001000000100001
1111000000000000100101000110001000000000101101
1111000000000000100101000110000001000100100001
1111000000000000100100000110000001000100100001
1111000000000000100101000110000001000100101001
1111000000000000100101000111000111000100101101
1111000000000000000101000110000001000000101101
1111000010000000100101000110000001000000101001
1111000000000000100101000111000001100100100101
1111000010000000100101000111000101000110100101
1110000000000010100101000111000101000100100101
1111000000000000100101000111000101100000100101
1111000000000000100101000110000001100000100001
1111000000000000100101000111000011001000100101
1111000000000000100100000111000111000100100101
1111000000000010100101000111000001000100101101
1111000000000010100101000111000001100110101101
1111000000000010100101000111001001100100101101
1111000000000000100101000111000001100000100101
1111000000000000100101000111001111100100101101
0111010000000000100101000111001111111100101101
1111010000000000100101000111001111111110111101
1111010000000010101101000111001111101110111101
1111010010010010101101010111001111110110101101
1111110011010011111101010111011101111111111101
1111110011010111111101010101111111111111111111
1011111011111111111101010001111111111111111111
1111111011111111111111111001110111111111111110
1111111011111111011111111100110111111111111110
1111111111111111111111111100111111111011111110
1111111111111111111111110001111111111111111110
1110111111111111111111111001111111111111111111
1100111111111111111111111101111111011111111111
1110111111111111011101111111111111011111111111
1111111111111111111111111111111111111111111111
1110111111111111111111111111111111111101111111
1000111111111111111111111111111111111111101111
1000111111111111111111111111111111111111111111
1000111111111111111111111111111111111111111111
1111111111111111111111111111111111111111101111
1110111111111111111111111111111111101111101111
1110111111111111111111111001111111011011111110
1110011111111111111111111001111011011011111111
1110111111111111111111111001101111011111111111
1001111111111111111011111011101111111111111111
1001111111111111111011111001111111111111111111
1011111111111111111111101111111110111111110111
1001111111111111111111101111111111111111110111
1001111111111111011011111111111110111111110111
0001111111111111011011111111111110111111110111
0001111110111111011110011111110010011111110111
0011111110001101011111011111010010011111010111
0011110111001101011001011110110110011111100111
0011110111001101010001001111100110011111100111
0111110010001000010000001111000111010110100111
1111110010000000010000000111000111011110100111
1111110010000000010000000111000111010110100111
1111110010000000010000000111000111010110100111
1111110010000000010000000111000111010110100111
1111110010000000010000000111000111010110101111
1111110010000000010000000111000111010110100111
1111110010000000010000000110000111010110101111
1111110010000000010000000111000111010110101111
1111110010000000010000000110000111010110101111
1111110010000000010000000111000111010110101111
1111110010000000010000000110000111010110101111
1111110010000000010000000111000111010110101111
1111110010000000010000000110000111010110101111
1111110010000000010000000111000111010110101111
1111110010000000010000000110000111010110101111
1111110010000000010000000111001111110110101111
1111110010000000010000000110000111110110101111
1111110010000000010000000111000111010110101111
1111110010000000010000000110000111110110101111
1111110010000000010000000111001111110110101111
1111110010000000010000000110011111110110101111
1111110010000000010000000111011111110110101111
1111110010000000010000000110011111110110101111
1111110010000000110000000111011111110110101111
1111110010000000010000000110010111110110101111
1111110010000000010000000111010111110110101111
1111110010000000010000000110010111110110101111
1111110010000000110000000111011111110110101111
1111110010000000010000000110011111110110101111
1111110010000000010000000111011111110110101111
1111110010000000010000000110011111110110101111
1111110010000000110000000111011111110110101111
1111110010000000010000000110010111110110101111
1111110010000000010000000111010111110110101111
1111110010000000010000000110010111110110101111
1111110010000000110000000111011111110110101111
1111110010000000110000000110011111110110101111
1111110010000000010000000111011111110110101111
1111110010000000010000000110011111110110101111
1111110010000000110000001110011111110110101111
1111110010000000010000000110010111110110101111
1111110010000000010000001111010111110110101111
1111110010000000010000001110010111110110101111
1111110010000000110000001111011111110110101111
1111110010000000110000001110011111110110101111
1111110010000000010000001110011111110110101111
1111110010000000010000001110011111110110101111
1111110010000000110000001110011111110110101111
1111110010000000010000001110010111110110101111
1111110010000000010000001111010111110110101111
1111110010000000010000001110011111110110101111
1111110010000000110000001111011111110110101111
1111110010000000110000001110011111110110101111
1111110010000000010000001111011111110110101111
1111110010000000110000001110011111110110101111
1111110010000000110000001111011111110110101111
1111110010000000010000001110011111110110101111
1111110010000000010000001110011111110110101111
1111110010000000110000001110011111110110101111
1111110010000000110000001110011111110110101111
1111110010000000110000001110011111110110101111
1111110010000000110000001111011111110110101111
1111110010000000010000001110011111110110101111
1111110010000000110000001111011111110110101111
1111110010000000010000001110011111110110101111
1111110010000000010000001110010111110110101111
1111110010000000110000001110011111110110101111
1111110010000000110000001111011111110110101111
1111110010000000110000001110011111110110101111
1111110010000000010000001110011111110110101111
1111110010000000110000001110011111110110101111
1111110010000000110000001111011111110110101111
1111110010000000010000001110011111110110101111
1111110010000000010000001110011111110110101111
1111110010000000110000001110011111110110101111
1111110010000000110000001111011111110110101111
1111110010000000110000001110011111110110101111
1111110010000000110000001110011111110110101111
1111110010000000110000001110011111110110101111
1111110010000000110000001110011111110110101111
1111110010000000010000001110011111110110101111
1111110010000000110000001111011111110110101111
1111110010000000110000001110011111110110101111
1111110010000000110000001110011111110110101111
1111110010000000110000001110011111110110101111
1111110010000000010000001111011111110110101111
1111110010000000110000001110011111110110101111
1111110010000000110000001110011111110110101111
1111110010000000110000001110011111110110101111
1111110010000000010000001110011111110110101111
1111110010000000110000001110011111110110101111
1111110010000000110000001111011111110110101111
1111110010000000110000001110011111110110101111
1111110010000000110000001111011111110110101111
1111110010000000110000001110011111110110101111
1111110010000000110000001110011111110110101111
1111110010000000110000001110011111110110101111
1111110010000000110000001110011111110110101111
1111110010000000110000001110011111110110101111
1111110010000000110000001110011111110110101111
1111110010000000110000001110011111110110101111
1111110010000000110000001111011111110110101111
1111110010000000110000001110011111110110101111
1111110010000000110000001111011111110110101111
1111110010000000110000001110011111110110101111
1111110010000000010000001110011111110110101111
1111110010000000110000001110011111110110101111
1111110010000000110000001110011111110110101111
1111110010000000110000001110011111110110101111
1111110010000000110000001110011111110110101111
1111110010000000110000001110011111110110101111
1111110010000000110000001110011111110110101111
1111110010000000110000001110011111110110101111
1111110010000000110000001111011111110110101111
1111110010000000110000001110011111110110101111
1111110010000000110000001110011111110110101111
1111110010000000110000001110011111110110101111
1111110010000000110000001110011111110110101111
1111110010000000110000001110011111110110101111
1111110010000000110000001110011111110110101111
1111110010000000110000001110011111110110101111
1111110010000000110000001110011111110110101111
1111110010000000110000001110011111110110101111
1111110010000000110000001110011111110110101111
1111110010000000110000001110011111110110101111
1111110010000000110000001110011111110110101111
1111110010000000110000001110011111110110101111
1111110010000000110000001110011111110110101111
1111110010000000110000001110011111110110101111
1111110010000000110000001110011111110110101111
1111110010000000110000001110011111110110101111
1111110010000000110000001110011111110110101111
1111110010000000110000001110011111110110101111
1111110010000000110000001110011111110110101111
1111110010000000110000001110011111110110101111
1111110010000000110000001110011111110110101111
1111110010000000110000001110011111110110101111
1111110010000000110000001110011111110110101111
1111110010000000110000001110011111110110101111
1111110010000000110000001110011111110110101111
1111110010000000110000001110011111110110101111
1111110010000000110000001110011111110110101111
1111110010000000110000001110011111110110101111
1111110010000000110000001110011111110110101111
1111110010000000110000001110011111110110101111
1111110010000000110000001110011111110110101111
1111110010000000110000001110011111110110101111
1111110010000000110000001110011111110110101111
1111110010000000110000001110011111110110101111
1111110010000000110000001110011111110110101111
1111110010000000110000001110011111110110101111
1111110010000000110000001110011111110110101111
1111110010000000110000001110011111110110101111
1111110010000000110000001110011111110110101111
1111110010000000110000001110011111110110101111
1111110010000000110000001110011111110110101111
1111110010000000110000001110011111110110101111
1111110010000000110000001110011111110110101111
1111110010000000110000001110011111110110101111
1111110010000000110000001110011111110110101111
1111110010000000110000001110011111110110101111
1111110010000000110000001110011111110110101111
1111110010000000110000001110011111110110101111
1111110010000000110000001110011111110110101111
1111110010000000110000001110011111110110101111
1111110010000000110000001111011111110110101111
1111110010000000110000001110011111110110101111
1111110010000000110000001110011111110110101111
1111110010000000110000001110011111110110101111
1111110010000000110000001110011111110110101111
1111110010000000110000001110011111110110101111
1111110010000000110000001110011111110110101111
1111110010000000110000001110011111110110101111
1111110010000000010000001110011111110110101111
1111110010000000110000001110011111110110101111
1111110010000000110000001111011111110110101111
1111110010000000110000001110011111110110101111
1111110010000000110000001111011111110110101111
1111110010000000110000001110011111110110101111
1111110010000000110000001110011111110110101111
1111110010000000110000001110011111110110101111
1111110010000000110000001110011111110110101111
1111110010000000110000001110011111110110101111
1111110010000000110000001110011111110110101111
1111110010000000110000001110011111110110101111
1111110010000000110000001111011111110110101111
1111110010000000110000001110011111110110101111
1111110010000000110000001111011111110110101111
1111110010000000110000001110011111110110101111
1111110010000000010000001110011111110110101111
1111110010000000110000001110011111110110101111
1111110010000000110000001110011111110110101111
1111110010000000110000001110011111110110101111
1111110010000000010000001111011111110110101111
1111110010000000110000001110011111110110101111
1111110010000000110000001110011111110110101111
1111110010000000110000001110011111110110101111
1111110010000000110000001111011111110110101111
1111110010000000010000001110011111110110101111
1111110010000000110000001110011111110110101111
1111110010000000110000001110011111110110101111
1111110010000000110000001110011111110110101111
1111110010000000110000001110011111110110101111
1111110010000000110000001111011111110110101111
1111110010000000110000001110011111110110101111
1111110010000000010000001110011111110110101111
1111110010000000010000001110011111110110101111
1111110010000000110000001111011111110110101111
1111110010000000110000001110011111110110101111
1111110010000000010000001110011111110110101111
1111110010000000110000001110011111110110101111
1111110010000000110000001111011111110110101111
1111110010000000110000001110011111110110101111
1111110010000000010000001110010111110110101111
1111110010000000010000001110011111110110101111
1111110010000000110000001111011111110110101111
1111110010000000010000001110011111110110101111
1111110010000000110000001111011111110110101111
1111110010000000110000001110011111110110101111
1111110010000000110000001110011111110110101111
1111110010000000110000001110011111110110101111
1111110010000000010000001110011111110110101111
1111110010000000010000001110011111110110101111
1111110010000000110000001111011111110110101111
1111110010000000110000001110011111110110101111
1111110010000000010000001111011111110110101111
1111110010000000110000001110011111110110101111
1111110010000000110000001111011111110110101111
1111110010000000010000001110011111110110101111
1111110010000000010000001111010111110110101111
1111110010000000010000001110010111110110101111
1111110010000000110000001110011111110110101111
1111110010000000010000001110011111110110101111
1111110010000000010000001110011111110110101111
1111110010000000110000001110011111110110101111
1111110010000000110000001111011111110110101111
1111110010000000010000001110010111110110101111
1111110010000000010000001111010111110110101111
1111110010000000010000000110010111110110101111
1111110010000000110000001110011111110110101111
1111110010000000010000000110011111110110101111
1111110010000000010000000111011111110110101111
1111110010000000110000000110011111110110101111
1111110010000000110000000111011111110110101111
1111110010000000010000000110010111110110101111
1111110010000000010000000111010111110110101111
1111110010000000010000000110010111110110101111
1111110010000000110000000111011111110110101111
1111110010000000010000000110011111110110101111
1111110010000000010000000111011111110110101111
1111110010000000010000000110011111110110101111
1111110010000000110000000111011111110110101111
1111110010000000010000000110010111110110101111
1111110010000000010000000111010111110110101111
1111110010000000010000000110010111110110101111
1111110010000000110000000111011111110110101111
1111110010000000010000000110011111110110101111
1111110010000000010000000111011111110110101111
1111110010000000010000000110011111110110101111
1111110010000000010000000111001111110110101111
1111110010000000010000000110000111110110101111
1111110010000000010000000111000111010110101111
1111110010000000010000000110000111110110101111
1111110010000000010000000111001111110110101111
1111110010000000010000000110000111010110101111
1111110010000000010000000111000111010110101111
1111110010000000010000000110000111010110101111
1111110010000000010000000111000111010110101111
1111110010000000010000000110000111010110101111
1111110010000000010000000111000111010110101111
1111110010000000010000000110000111010110101111
1111110010000000010000000111000111010110101111
1111110010000000010000000110000111010110101111
1111110010000000010000000111000111010110100111
1111110010000000010000000111000111010110101111
1111110010000000010000000111000111010110100111
1111110010000000010000000111000111010110100111
1111110010000000010000000111000111010110100111
1111110010000000010000000111000111011110100111
0111110010001000010000001111000111010110100111
0011110111001101010001001111100110011111100111
0011110111001101011001011110110110011111100111
0011111110001101011111011111010010011111010111
0001111110111111011110011111110010011111110111
0001111111111111011011111111111110111111110111
1001111111111111011011111111111110111111110111
1001111111111111111111101111111111111111110111
1011111111111111111111101111111110111111110111
1001111111111111111011111001111111111111111111
1001111111111111111011111011101111111111111111
1110111111111111111111111001101111011111111111
1110011111111111111111111001111011011011111111
1110111111111111111111111001111111011011111110
1110111111111111111111111111111111101111101111
1111111111111111111111111111111111111111101111
1000111111111111111111111111111111111111111111
1000111111111111111111111111111111111111111111
1000111111111111111111111111111111111111101111
1110111111111111111111111111111111111101111111
1111111111111111111111111111111111111111111111
1110111111111111011101111111111111011111111111
1100111111111111111111111101111111011111111111
1110111111111111111111111001111111111111111111
1111111111111111111111110001111111111111111110
1111111111111111111111111100111111111011111110
1111111011111111011111111100110111111111111110
1111111011111111111111111001110111111111111110
1011111011111111111101010001111111111111111111
1111110011010111111101010101111111111111111111
1111110011010011111101010111011101111111111101
1111010010010010101101010111001111110110101101
1111010000000010101101000111001111101110111101
1111010000000000100101000111001111111110111101
0111010000000000100101000111001111111100101101
1111000000000000100101000111001111100100101101
1111000000000000100101000111000001100000100101
1111000000000010100101000111001001100100101101
1111000000000010100101000111000001100110101101
1111000000000010100101000111000001000100101101
1111000000000000100100000111000111000100100101
1111000000000000100101000111000011001000100101
1111000000000000100101000110000001100000100001
1111000000000000100101000111000101100000100101
1110000000000010100101000111000101000100100101
1111000010000000100101000111000101000110100101
1111000000000000100101000111000001100100100101
1111000010000000100101000110000001000000101001
1111000000000000000101000110000001000000101101
1111000000000000100101000111000111000100101101
1111000000000000100101000110000001000100101001
1111000000000000100100000110000001000100100001
1111000000000000100101000110000001000100100001
1111000000000000100101000110001000000000101101
1111000000000000100001000110000001000000100001
1111000000000000100000000110000001000000000001
1111000000000000100101000110000010100000000001
1110000000000000100101000110000010000000101001
1111000000000000100100000110000000000100101001
1111000000000000100101000110000000000100101101
1110000000000000000100000110000000000000001001
1110000000000000000000000110000000100000001001
1111000000000000000100000110000000000000001001
1111000000000000000000000110000010100000001101
1111000000000000000000000110000000000000001001
1111000000000000100101000110000000100000001101
1111001000000000100101000110000010100000101101
1111000000000000000100000110000000000000001001
1111000000000000000100000110000000000000001001
1111000000000000100100000011000001000000000001
1111010010000000000000000010000001000000000001
1111110000000000000000000010000101000000000001
1111100000000000000000000010000000000000100001
1110000000000000000000000010000000000000000001
1111000000000000100000000010000000000000000001
1111000000000000100000000010000000000000001001
1111000000000000100000000010000000000000000001
1111000000000000100000000010000000010000000001
1111000000000000100101000010000001010000000001
1111000000000000100100000011000001000000000001
1111000000000000000100000011000000000000100001
1111000000000000100101000011000010000000100001
1111000000000000100000000010000000000000000001
1111000000000000100000000010000000010000000001
1111000000000000100000000010000000010000000001
1111000000000000000100000010000001010100100001
1110000000000000000100000010000011000100100101
1110000000000000000100000010000010000000000000
1111000000000000000000000010000011100000100001
1111000000000000100100000010000011000000100001
1101000000000000100000000010000010000000000001
1111000000000000100000000011000000000000100001
1111010000000000000000000011000001000000000001
1111010000000000100100000111000001000000100001
1111010000000000000000000010000001000000100001
1111000000000000000100000011000001000000100001
1110000000000000100101000011000001010000100001
1111000000000000100101000011000001010000100101
1111000000000000000001000111000000000000100001
1111000000000000100000000011000001000000100001
1111010000000000100100000011000001000000100001
1111010000000000100101000010000001000000100001
1111010000000010100001000010000001000000100001
1111010000000010100000010111000000000000100001
1110010000000000100100000111000000000000100001
1111010000000000100101000111000001000000100101
1111010000000010000101000111000000000000100101
1111000001000010000101000111000001000000100101
1111010001000010000101000111000000000000100101
1111010001000010000100000011000001000000100001
1111110001000010000101000111010111000000100101
1111110001000000001101000111010111000000100101
1111110011000000001101010011010111000100100101
1111110011000000001101010010010111000011110101
1111110010000010001101010011010111110010101101
1111110010000010001101000011010101000100101101
1111000010000010100101100111010101100000101001
1111010010000010010101100011010111100000101001
1111110011000010000101100111010111000000101101
1111110011110110000101100111000111000101111101
1111111011010110000001100111000111000101111101
1111111011010110010001100111000111000101111101
1111111011010110110001100111000110010101111101
1111111011010111100101000111000111010101111101
1111111011010110000001000111000111010101111101
1111111011010110000001100111100110100100111101
1111111011010110000101100111110110001100100101
1111111111000010000001010111010111100000100101
1111111111100010000001010110010101100110000101
1111011010110010000101010110010101110110010101
1111011000010010000101000110010011110010000101
1111011000000110000000000110010100110000000001
1111101000000000000000000110010100110000000101
1111100000000000000000010010010000000000000101
1111100000000000000000010001010000010000000101
1111000000000000000000010011010000000000100001
1111100000000000000000000111010010100000110001
1111110000000000000000010111010010100000110000
1111110000000000000000010111010100100000110100
1111000000000000000000000011000100000000000101
1111000000000000000000000011010001000000000001
1111000000000000000000000011000000000000000000
1111000000000000000000000010000000000000000000
1110000000000000000000000010000000000000000001
1111000000000000000000000010000000000000000001
1111000000000000000000000010000000000000000000
1111000000000000000000000010000000000000000000
1111000000000000000000000010000000000000000100
1111000000000000000000000010000000000000000000
1110000000000000000000000010000000000000000000
1111000000000000000000000010000000000000000000
1111000000000000000000000010000000000000000000
1110000000000000000000000010000000000000000000
1111000000000000000000000010000000000000000000
1111000000000000000000000010000000000000000000
1111000000000000000000000010000000000000000000
1111000000000000000000000010000000000000000000
1111000000000000000000000010000000000000000000
1111000000000000000000000010000000000000000000
1110000000000000000000000010000000000000010000
1110000000000000000000000010000000000000010000
1110000000000000000000000010000000000000000100
1110000000000000000000000010000000000100001101
1110000000000000000000000010000000000000000101
1110000000000000000000000010000000000000000000
1110000000000000000000000010000000000000000000
1110000000000000000000000010000000000000000100
1110000000000000000000000010000000000000000100
1110000000000000000000000010000000000000000100
1110000000000000000000000010000000000000000100
1110000000000000000000000010000000000000001100
1110000010000000000000000011000000000010000101
1110000010000000000000000011010000000000000100
1111000010000000000000000011000000000000000100
1111000000000000000000000011000000000000011001
1111000000000000000000000011000000000100011001
1111000000000000000000000011000000000100000000
1111000000000000000000000011000000000000010001
1111000000000000000000000010000000000000010001
1111000000000000000000000010000000000000010001
1111000000000000000000000010000000000000000001
1111000000000000000000000010000000000000010000
1111000000000000000000000010000000000100010000
1111000000000000000000000010000000001000010000
1111000000000000000000000010000000001000010001
1110000000000000000000000010010000000000011001
1110000000000000000000000010000000000000110101
1111000000000000000000000010000000000000100101
1111000000000000000000000010000000000000010000
1111000000000000000000000011000000000000000000
1111000000000000000000000011000000001000000000
1111000000000000000100000001000000001000000100
1111000000000000000100000010000000000000000001
1111000000000000000100000010000000000000000001
1111000000000000000100000010000000000000000001
1111000000000000000100000010000000000000000001
1111000000000000000100000010000000000000000001
1111000000000000000000000010000000000000000001
1111000000000000000000000010000000000000000001
1111000000000000000100000000000000000000000001
1111000000000000000100000010000000000000000000
1111000000000000000100000010000000000000000000
1111000000000000000100000010000000000000000001
1111000000000000000100000010000000000000000001
1111000000000000000100000000000000000000000001
1111000000000000000100000010000000000000000001
1111000000000000000100000000000000000000000001
1111000000000000000100000000000000000000000001
1111000000000000000100000000000000000000000001
1111000000000000000100000000000000000000000001
1111000000000000000100000000000000000000000001
1111000000000000000100000000000000000000000001
1111000000000000000100000000000000000000000000
1111000000000000000100000000000000000000000000
1111000000000000000100000000000000000000000001
1111000000000000000100000000000000000000000001
1111000000000000000100000000000000000000000101
1111000000000000000100000000000000000000000001
1111000000000000000100000010000000000000000001
1111000000000000000100000010000000000000000001
1111000000000000000100000010000000000000000101
1111000000000000000100000010000000000000001101
1111000000000000000100000011000000000000001101
1011000000000000000100000011000000000000000101
1011000000000000000100000111010000000000011101
1011000000000000000100000111000000000000011101
1011000000000000000100000111000000000000111101
0011000000000000000100000111000000000000111101
1011000000000000100100000111000000000000111101
1111000000000000100100000111000000000000111101
1111000000000000100100000111000000000000011101
1111000000000000100100000110010000000000011101
1111000000000000100101000110010000000000011101
1111000000000000100101000110010101000000011101
1111000000000000100101000111010101001000011101
1111000000000000100101000111010101101000111101
1111000000000000100101000111110101101000111111
1111000000000010100101000111110101101000111111
1111000000000000100101000111011101101100111111
1111000000000000100101000111111101101100111111
1111010000010000100101000111111101100100111111
1111000000010000100101000111010101001100110111
1111000000000000100101000111010101101100011111
1111010000000000100101000111110101101100111111
1111010000000010000101000111110101101100111111
1111010000000000100101000111110101101100111111
1111010000000000100101000110110101101100111111
1111010000000000100101000110110101101100111111
1111010000000010000100000111110101101100111111
1111010000000000000101000110110101001100111111
1111000000000000000101000111110101001000111111
1111010000000000000101000111110101001100011111
1111010000000000100101000111110101001000111111
1111010000000000100100000111110101001000011111
1111010000000000100100000111110101001000011011
1111000000000000100100000111110101001000011001
1111000000010000100101001111111101001000011111
1111000000010000000101001111000101001000011011
1111000000010010000101010111010101000000001011
1111000000010000010100001110010101001000001011
1111000000000000010101010111000100001000001111
1111000000000000010101000110000100001000001011
1111000000000000000100000110000100000000001011
1111000000010000010100001110000100000000001111
1111000000000000010100001110000100000000001111
1111000000000000010100011110011100001000011111
1111000000000000010100011110011100000000011111
1111000000000000010100011110011100000000011111
1111000000011000010100011110010100000000011111
1111000000011001010111011110011100001010011111
1111000001011001110111011110011000001010011111
1111000011011001111111011110011001001010011111
1111000011011000111111011110011101001110011110
1111000011011001011111011111011101101110011111
1111000111011001111111011111011111111110011111
1111010111111011111111111111111111101111111111
1111110111111011111111111111111111111111111111
1111000111111011111111111111111111111111111111
1111010111111011111111111111111111111110111111
1111010111111011111111111111111111111110111111
1111010111111011110111111111111111111111111111
1111010111111011110111111111111111101111111111
1111010111111011110111111111111111101111111111
1111010111111011111111111111111111111111111111
1111000011111001110111011111111111111110111111
1111010011011001010111111111111111111011111111
1111010011011001010111111111111111111011111111
1111010011011000010111111111111111101011111111
1111010011011001010111011111111101101011111111
1111000001011001010011011111111111101011011111
1111000001011000010011011111111111101011011111
1111000001011000010011011111111111101011011111
1111000011011000010011011111111111101011111111
1111000011011000010011011111111111101011101111
1111010001011001010011011111111111001011011111
1111000001011001000111011111111111101011011111
1111000001001001010111011111111111101011110111
1111010001011001011111111111111111111011111111
1111110011111001010111111111111111101011111111
1111110011111001011111111111111111111011111111
1111110111111001011111111111111111111011111111
1111100111111001011111111111111111111011111111
1111100111111001011111111111111111111111111111
1111110111111001010111111111111111111111111111
1111100111111001010111111111111101111011111111
1111100101111000010101111111111100111010010111
1111100000001000010110111111111100001010010111
1111100000001000010100011011111100011000000111
1111100000001000010110011111111100011010010111
1111000000001000000100011110110100011000010111
1111000000001000000100011110110100011010010111
1111000000001000010100011110111111011010010111
1111100000001000010101111110111111111011010111
1111100000001000010001111110111111111011011111
1111100001001000010001111110111101111011011111
1111110001011000010010111110111111111010011111
1111110001001100010011111110111111111011011111
1111111010001100010001111110111111110011111111
1111111001011000010001111111111111111011011111
1111111101011101010011111111111101111111111111
1111111111111101010011111111111111111111111111
1111111101111101010011111111111111111111111111
1111111001001100010101111111111111111111111111
1111111001111101011111111111111111111111111111
1111111101111101011111111111111111111111111111
1111111101111101010111111111111111111111111111
1111111111111101110111111111111111111111111111
1111111011111100110111111111111111111111111111
1111111011111111110111111111111111111111111111
1111111111111111111111111111111111111111111111
1111111001111111111111111111111111111111111111
1111111001101110110111111111111111111111111111
1111111011101110010111111111111111111011111111
1111111011111110110111111111111111111011111111
1111100011111010011101111111111111111011111111
1111110011111011011101111111111111111011111111
1111111001111110110110111111111111111011111111
1111111011101110110011111111111111111111111111
1111111011111110101101111111111111111111110111
1111111111111111101111111111111111111111110111
1111111111111111111111111111111111111111110111
1111111111111111110011111111111111111111110111
1111111111111111111101111111111111111111100111
1111111111111111111101111111111111111111111111
1111111111111111111111111111111111111111111111
1111111111111111111011111111111111111111111111
1111111111111110111011111111111111111111111111
1111111111111110110011111111111111111111101111
1111111011111110111011111111111111111111111111
1111111111111111111011111111111111111111111111
1111111110111111111011111110101011111111110111
1111111111110110110100111111111011110111110111
1111111111111110111110111111111111110111100111
1111111111111111111111111111111111111111111111
1111111111111111111111111111111111111111111111
1111111111111111111111111111111111111011110111
1111111001101110110111111111111111111111110111
1111111001100110110111111111111111111111100111
1111111111111110101011111111111111111111111111
1111110111111111011001111111111111011111101011
1111100111011000011101111110011110011111001011
1111110000000000010010001010000000000100110110
1111111000000000000000000010000000000000000010
1111111011000000000000000010010010010000001000
1111111111000001110000001111111111011111011000
1111000111111101111100111111111111111111111111
1111000000000000110010011010001000101111111111
1111100000000000000000000010110000100110110010
1111100000000000000000000011110101111101111000
1111100000000000000000000111111111111111011111
1111111000000100110110111111101001111111111110
1111111100111111111111111111101111111111111111