000000000000000000000000000000000000000000000
111111111111111111111111111111111111111111111
111111111111111111111111111111111111111111111
111000001110011111110011111100011111111111111
111000001110001111110000111000011111111111111
101000110010000011110000011111111111110111111
101001111101000111110111001111111111011111111
111001111101011111110111111110011111111111111
111011101111111111110111111110011111111111111
111000101110111111110011111011111111111111111
111001111110001111110011011111111111011111111
101001111111101111111111101110111011011111111
111001111101111111110111111110111011111111111
111101111101111111110111111100111111111111111
111001111110001111111001111000111111111111111
111001111110001011111101111100011111010111111
111001111110100011110111101110110011000111111
111111111101100001110011101100110001101111111
111101111001100011110001111000000011101111111
111000111100101111110001111000000111101111111
111100111100101111110001011000011111111111111
111101101100101111110111111100111111111111111
111111101101110111110111111110110011101111111
111111111101110111110101111000110011111111111
111100111100001111110101111000110111111111111
111000111100101111110111111010111111111111111
111101111100111111110111111110001111111111111
111111111101110011110111101100110011111111111
111101111101100011110001101000110011101111111
111001001101111111110011111000011111101111111
111001001100101111110111111110011111111111111
101101111101111111110111111110111111111111111
101111111101110011110001111100110111011111111
111111001101100011110001101100010011001111111
111001001100100011110001101100010001000111111
111001111100100111110010111111111111110111111
101001111101101111110111101110111111111111111
111111001101111111110011101110111111111111111
111111101101111111110001111110111111111111111
101011111101110111111111111111110001111111111
101001111111111111111111111111110101111111111
101111111111111111110011111110111111111111111
101111111111111111110011111111111111111111111
101111111111111111110011111111111111111111111
101001111111101111111011101111111001111111111
101001111111100111111110001111111001111111111
101101011111101111110000111111111001111111111
101111111111111111110000111101111111111111111
101111111111101111110001111100111111111111111
101001111111001111110010111100111001111111111
111001011100000111110010001111110001111111111
111111111101100111110000101100110001111111111
101111111111101111110001111100111001111111111
101111111111101111110011111110111011111111111
101001101110101111110010111111111011111111111
101001111111001111110110111100110001111111111
101101111111101111110011111100110001111111111
101111111111111111110011111111111001111111111
101111111111101111110011111111111011111111111
111001111111001111110111111111111011111111111
101001111111001111110010111111111111111111111
101111111111100111111000101111111001111111111
101111111111100111111001111111111001111111111
111111111111101111110111111110111111111111111
101111111111101111110111111110111111111111111
101111111111101111111011111111111111111111111
101111111111100111110001111111111111111111111
111111111111100111111111101110111011101111111
101111111111100111111111111111111111111111111
101011111111101111111111111111111111111111111
111001111111101111110010111001111111111111111
111111111111111111110000111000111111111111111
111111111111100111110111101111110011111111111
111111111111100111110111101111111011111111111
111111111111101111111111111111111111111111111
111101111111101111110001111101111111111111111
111111111111100111110001111101111111110111111
111111111111100111110111111110110011111111111
101111111111100111111111111110110001111111111
101001111111100111111111111100110001111111111
101001111111100111110111111101110101111111111
101111111111101111111111111101111111111111111
111111111111101111111111111110111111111111111
111111111111100111111111111111111111111111111
111011111111101111111111111111111111111111111
111011111111101111111111111111111111111111111
101111111111111111111111111111111111111111111
111111111111111111111111111111111111111111111
111111111111111111111111111111111111111111111
111111111111101111111111111111111001111111111
111011111111101111111111111111111101111111111
111111111111101111111111111111111101111111111
101111111111111111111111111111111101111111111
101111111111111111111111111111111101111111111
111011111111100111111111111111111001111111111
101011111111101111111111111111110001111111111
111011111111101111111111111111111001111111111
111111111111111111111111111111111001111111111
111111111111111111111111111111111101111111111
111111111111100111111001111111111011111111111
111111111111100111111111111111111001111111111
111111111111100111111110111110110001101111111
111111111111100111111111111111111001111111111
111111111111111111111011111111111001111111111
111011111111101111111111111101111101111111111
111111111111001111111111111110111101111111111
111111111111100111111111111111111001111111111
111011111111101111111111111111111001110111111
111011111111111111111111111111111101110111111
101011111111101111111111101111111101111111111
101001111111100111110111101111111101111111111
111011111111100111111111111111111101111111111
111011111111100111111111111111101101111111111
101010111111100111110111011111111101111111111
101000111111100111110111111111110101111111111
101001111111101111110111111111100101111111111
101011111111100111110111111111101001111111111
101011111111100111110011111111100001111111111
101001111111100111110111111111101001111111111
101001111111100111110111111110101101111111111
101001111111100111111111111111111101111111111
101000111111100111111111111110101101111111111
101001111111100111111011111111101101111111111
101000111111100111111111111111101101111111111
101000111111100111111111111111111101111111111
101001111111100111110110111111111101111111111
101001111111100111110111111111101101111111111
101011111111100111110111111111101101111111111
101001111111100111111111111111101001101111111
101001111111100111111111111111111001101111111
101001111111100111111111111111111101101111111
101001111111110111110111111111101101111111111
101001011111110111110111111101101101111111111
101001111111110111111111111111101101111111111
101001111111110111111111111111101111101111111
101000111111110111111111111111101101101111111
101000111111110111101111111111101101110111111
101000111111110111101111111111111101110111111
101000111111110111100111111111111101111111111
101000111111110111101111111111111101111111111
101001111111100111111110111111111111111111111
101001111111110111111110111111101111111111111
101001111111110111111111111111101101111111111
101001111111110111111111111111101111111111111
101000111111110111111111111111111111111111111
101000011111111111111111111111111101111111111
101010111111111111111111111111111111111111111
101000111111111111111111111111111101111111111
101000111111111111111111111111111101111111111
101000111111100111111111111111111101111111111
101000111111101111111111111111111101111111111
101000111111111111111111111111111101111111111
101000111111111111111111111111111101111111111
101000111111111111111111111111111101111111111
101000111111111111111111111111111101111111111
101000111111111111111111111111111101111111111
101000111111111111111111111111111101111111111
101011111111111111111111111111111101111111111
101001111111111111111111111111111111111111111
101001111111111111111111111111111111111111111
101011111111111111111111111111111101111111111
101010111111111111111111111111111101111111111
101011111111111111111111111111111101111111111
101001111111111111111111111111111111111111111
101001111111111111111111111111111111111111111
101001111111110111111111111111111111111111111
101011111111110111111111111111111111111111111
101011111111111111111111111111111101111111111
101011111111111111111111111111111101111111111
101001111111111111111111111111111101111111111
101001111111111111111111111111111101111111111
101011111111111111111111111111111101111111111
101011111111111111111111111111111101111111111
101011111111111111111111111111111101111111111
101011111111111111111111111111111101111111111
101011111111111111111111111111111101111111111
101011111111111111111111111111111101111111111
101011111111111111111111111111101101111111111
101001111111111111111111111111111111111111111
101001111111111111111111111111111111111111111
101001111111111111111111111111111101111111111
101011111111111111111111111111111111111111111
101011111111100111111111111111111101111111111
101001111111111111111111111111111101111111111
101001111111111111111111111111111111111111111
101011111111111111111111111111111111111111111
101011111111111111111111111111111111111111111
101001111111111111111111111111111111111111111
101001111111111111111111111111111111111111111
101001111111101111111111111111111101111111111
101001111111101111111111111111111101111111111
101001111111100111111111111111111101111111111
101001111111100111111111111111111101111111111
101001111111111111111111111111111101111111111
101001111111101111111111111111111111111111111
101001111111101111111111111111111101111111111
101001111111101111111111111111111101111111111
101001111111101111111111111111111101111111111
101001111111111111111111111111111101111111111
101001111111101111111111111111111111111111111
101001111111111111111111111111111111111111111
101001111111101111111111111111111101111111111
101001111111101111110111111111111101111111111
101001111111111111111111111111111101111111111
101001111111111111111111111111111101111111111
101011111111111111111111111111111111111111111
101011111111111111111111111111111101111111111
101011111111111111111111111111111101111111111
101001111111111111111111111111111111111111111
101001111111111111111111111111111111111111111
101001111111111111111111111111111111111111111
101011111111111111111111111111111111111111111
101011111111111111111111111111111111111111111
101011111111111111111111111111111101111111111
101001111111111111111111111111111101111111111
101001111111111111111111111111111101111111111
101001111111111111111111111111111101111111111
101001111111111111111111111111111101111111111
101001111111111111111111111111111111111111111
101001111111111111111111111111111101111111111
101001111111100111110111111111111101111111111
101001111111100111110111111111101101111111111
101001111111111111110111111111111111111111111
101001111110101111111111111111111101111111111
101001111111101111111111111111111001111111111
100001111111000111111111111111101101111111111
100001111110100111111111111111101001111111111
100000011110000111110111111111101001111111111
100000011110000111110110111111101001111111111
100000010110000111110111111111101001110111111
000001011110000111010111111111101001110111110
000000011110000111010110011111101001011111100
000000011100000111000100101001101001111111110
100000111100000111010100111001101001111111110
101000111100010111010101111011101001111111110
101010111110011111010101111101101001111111110
101010111110011111000101001001101000111110110
101010110010010111000101001001101001110110110
100000010110010111000101000011101000001110010
000000010100000101000101000011101000000010010
000000010100000101000100000011101100101110010
100000110100000111000100000011101101111110010
100000110100000111000100110011101100101110000
101000111100000111000101100011100100101110010
101000011100000101000101101011101101101110011
100000011100000101100101101111001000101111011
100000011110100101000101011011001000001111011
100000111110000100000101010001001000001110011
100000011110000010000100010011101000001111001
101000111110000011000100010011101000001111011
101000111110000001000100000011101000000111011
101000111110000001000100010010001000000011011
101000111110000101000100011011101000110111011
101000111110000001000100011011101000100111011
101000111110000001000101101011001000000111011
101000111010000011000101111011101000000011011
101000011100100011000101111001101101111111011
100001111100000011000101111100101101110111011
100000111100000111000101111111101101100111111
100000011100000111000101111111101100110111111
101000011110000011000101111010101101010111111
101000011110110011000101101011101101010111111
101000111111100011000101101111100001110111111
101000001111100001000101101111100100010111111
101000000101100001000101101011000100010011111
100000001011010001000101101110001100010010011
101000001111100011000101111111001100000010111
101000001111110011000101111111101101000111111
101000001111111011001101111011101101100111111
101000111111111111011101111111101101111111111
101000111111100111011101111111101101111111111
101001111111110111001101111111111101111111111
101001111111110111111111111111111101111111111
101001111111100111111111111111111101111111111
101000111111000111010100111011101101111111011
111000111111000111010100110101101000111111111
101000111111000111011111111111111000111111111
100001111111000111011111111111111100111111111
101001111111110111011111111111111100111111111
101001111111100111111111111111101101111111111
101001111111100111111111111111111101111111111
101001111111100111111111111111111101111111111
101001111111100111111111111111111101111111111
101001111111000111111111111111111101111111111
101001111111100111111111111111111101111111111
101001111111111111111111111111111101111111111
101001111111110101111111111111111101111111111
101001111111100101111111111111111101111111111
101001111111100111111111111111111101111111111
101001111111100111111111111111111101111111111
100001111111100101111111111111111101111111111
100001111111100101111111111111111101111111111
101001111111100101111111111111111100110111111
100001111111110101111111111111111101111111111
101011111111111101011111111111111101111111111
101001111111111101011111111111111101111111111
101001111111111101111111111111111101111111111
101001111111110101111111111111111101101111111
101001111111110101111111111111111101111111111
101001111111110101111111111111111101111111111
101001111111100111110111101111111111111111101
101001111111110111110111111111111111111111101
000001111111110111110111111111111111111111101
101000111111110111110111101111111111111111111
101001111111110111110111111111101111111111111
101000110111110111111111111111111111111111111
100000110111100111110111111111111111111111111
100000110111110111110111101111111101111111100
100000110111110111110111111111111101011111100
100001110111111111110111111111111111111111111
101000111111111111110111111111111111111111111
000001111111110111110111111111111111111111111
000000110111010111110111111111111111111111111
000000110111110111110111111111111111111111111
001000111111110111110111101111101111111111100
001000111111111111010111101111101101111111100
001000111111111111000111101111101101011111100
000000111111111111100111101111101101001111100
000000110111111101000111100111101100001111100
000000110111111111000111101111101101011111100
000000010111110111110111100111101100011111100
000000010111100111100111101111101100011111100
000000111111100111100111101111101100011111100
000000110111100111010111101111101100001111100
000000110111100111000111100111101100001111100
000000110111110111110111100111101100001111100
000000111111110111110111101111101100001111100
000001111111110111110111101111101100011111100
000000111111100101000111100111101100011111100
000000111111100111110111100111101100011111100
000001111111100101100111101111101100001111100
000000111111100101100111100111101100001111000
000000111111110111100111100111101100011111100
000001111111110111010111100111101100011111100
000001111111110111110111100111101100011011100
000000111111100101100111100111101100000011000
000100111111100111100111100111101100001111110
000101111111110111110111100111101100011111110
000101111111110111110111100111101101011111110
000101111111110111110111101111101101011111110
000000111111000111110110101111101101001011100
000000111111000101100110100111101100001011000
000000000111000001000100000001000100000001000
000000000000000000000000000000000000000000000
000000000000000000000000000000000000000000000
000000000000000000000000000000000000000000000
000000000000000000000000000000000000000000000
000000000000000000000000000000000000000000000
000000000000000000000000000000000000000000000
000000000000000000000000000000000000000000000
000000000000000000000000000000000000000000000
000000000000000000000000000000000000000000000
000000000000000000000000000000000000000000000
000000000000000000000000000000000000000000000
000000000000000000000000000000000000000000000
000000000000000000000000000000000000000000000
000000000000000000000000000000000000000000000
000000000000000000000000000000000000000000000
000000000000000000000000000000000000000000000
000000000000000000000000000000000000000000000
000000000000000000000000000000000000000000000
000000000000000000000000000000000000000000000
000000000000000000000000000000000000000000000
000000000000000000000000000000000000000000000
000000000000000000000000000000000000000000000
000000000000000000000000000000000000000000000
000000000000000000000000000000000000000000000
000000000000000000000000000000000000000000000
000000000000000000000000000000000000000000000
000000000000000000000000000000000000000000000
000000000000000000000000000000000000000000000
000000000000000000000000000000000000000000000
000000000000000000000000000000000000000000000
000000000000000000000000000000000000000000000
000000000000000000000000000000000000000000000
000000000000000000000000000000000000000000000
000000000000000000000000000000000000000000000
000000000000000000000000000000000000000000000
000000000000000000000000000000000000000000000
000000000000000000000000000000000000000000000
000000000000000000000000000000000000000000000
000000000000000000000000000000000000000000000
000000000100000100000100000000000000000000000
000000000000000100000100000000001000000000000
000000000000000000000010000000001000000000000
000000000100000100000110000000001000000000000
000001000000000000000100000001001100000000000
000000100000000000000000000011001100000000000
000000100000000000000110000000001000000000000
000001100100000100000100000000001000000000000
000000110100000100000101000001001100000000000
000000110100000100000100000000001000000000000
000001110000000100000100000000001100001000000
000000100100000100000110000011001100001000000
000001100100000000000110000001001100001000000
000000100000000000000110000001001100001000000
000000010000000000000110000001011100001000000
000000010000000100000111000001001100000000000
000001000100000100000110000000001100000000000
000000100100000100000110000001001010010000000
000000100000000100000100000000001110010000000
000000100000000100000100000000001110010000000
000000100000000000000110000000001100000000000
000000100000000000000010000001001100010000000
000001000000000000000110000000001000010000000
000001000000000100000100000000001100000000000
000001100100000100000100000000011000000000000
000000100000000100000100000000011100000000000
000000100000000000000110000000001100000000000
000001100000000000000111000000001110000000000
000001100000000000000101000000001100000000000
000001100000000000000100000011001100000000000
000000100000000000000010000000001100000000000
000000110000000100000110000000001100000000000
000001110100000100000110000000001100000000000
000000100100000100000110000011001000000000000
010000100000000000000010000000001100000000000
010000100000000000000110000001001100000000000
000001000000000000000110000011001100000000000
010001000000000000000110000011001110000000000
000000100000000000000000000001001010000000000
000000100000000100000100001001001100000000000
000000110100000100000100000001001100000000000
000000100000000000000110000000001100000000000
000001100000000000000110000001001010000000000
000000100000000000000111000010001110000000000
010001101000000100000111001110001100001000000
001001111100000101100111001111011010011000010
011001111100000111110110001110111111011101111
011001111100000111110111001111111111011111111
111001111100000111110110001111111111011111111
111001111100000111110110001111111011011111111
111001111100000111110110001111111011011111111
111001111100000111110111011111111011011111111
111001111100000111110111011111111111011111111
101001111100000111110111001111111111011111111
101001111100000111110110011111111011011111111
111001111100000111110110011111111111011111111
111001111100000111110111011111111011011111111
111001111100000111110110011111111111011111111
111001111100000111110110011111111011011111111
111001111100000111110111011111111011011111111
111001111100000111110111011111111111011111111
111001111100000111110111011111111011011111111
111001111100000111110110011111111011011111111
111001111100000111110110011111111011011111111
101001111100000111110110001111111111001111111
101001111100000111110110001111111011011111111
111001111100000111110110011111111011011111111
111001111100000111110110011111111011011111111
111001111100000111110111011111111111011111111
111001111100000111110111011111111111011111111
101001111100000111110110011111111011011111111
111001111100000111110110011111111111011111111
111001111100000111110110011111111011011111111
111001111100000111110110011111111011011111111
111001111100000111110110011111111011011111111
111001111100000111110110011111111011001111111
111001111100000111110111011111111111001111111
111001111100000111110110011111111011011111111
111001111100000111110110011110111011011111111
111001111100000111110110011111111011011111111
111001111100000111110110011110111111011111111
111001111100000111110110011111111011011111111
111001111100000111110110011110111011011111111
101001111100000111110110011111111011011111111
111001111100000111110110011111111111011111111
111001111100000111110110011111111111011111111
111001111100000111110110011111111011011111111
111001111100000111110110011111111111011111111
111001111100000111110110011111111011011111111
111001111100000111110110011111111011011111111
111001111100000111110110011111111011011111111
111001111100000111110110011111111011011111111
111001111100000111110110011111111111011111111
111001111100000111110110011111111011011111111
111001111100000111110110011111111011011111111
111001111100000111110110011111111011011111111
111001111100000111110110011110111111011111111
111001111100000111110110011111111011011111111
111001111100000111110110011111111011011111111
111001111100000111110110011111111011011111111
111001111100000111110110011111111111011111111
111001111100000111110110011111111011011111111
111001111100000111110110011111111011011111111
111001111100000111110110011111111011011111111
111001111100000111110110011111111011011111111
111001111100000111110110011111111011011111111
111001111100000111110110001111111011011111111
111001111100000111110110011110111011011111111
111001111100000111110110001111111111011111111
111001111100000111110110001111111011011111111
111001111100000111110110001111111011011111111
111001111100000111110110001111111011011111111
111001111100000111110110001111111011011111111
111001111100000111110110001111111011011111111
111001111100000111110110001110111011011111111
111001111100000111110110001111111011011111111
111001111100000111110110001111111111011111111
111001111100000111110110001111111011011111111
111001111100000111110110001111111011011111111
111001111100000111110110001111111011011111111
111001111100000111110110001111111011011111111
111001111100000111110110001111111011011111111
111001111100000111110110001111111011011111111
111001111100000111110110001110111011011111111
111001111100000111110110001111111011011111111
111001111100000111110110001111111011011111111
011001111100000111110110001111111011011111111
111001111100000111110110001110111011011111111
111001111100000111110110001111111111011111111
111001111100000111110110001111111011011111111
111001111100000111110110001110111011011111111
111001111100000111110110001111111011011111111
111001111100000111110110001111111111011111111
111001111100000111110110001110111011011111111
011001111100000111110110001111111011011111111
111001111100000111110110001111111011011111111
111001111100000111110110001111111011011111111
111001111100000111110110001110111011011111111
111001111100000111110110001111111011011111111
111001111100000111110110001111111011011111111
111001111100000111110110001111111011011111111
111001111100000111110110001111111011011111111
111001111100000111110110001111111011011111111
111001111100000111110110001111111011011111111
111001111100000111110110001111111111011111111
111001111100000111110110001111111011011111111
111001111100000111110110001110111011011111111
111001111100000111110110001111111011011111111
111001111100000111110110001111111011011111111
111001111100000111110110001111111011011111111
111001111100000111110110001111111011011111111
111001111100000111110110001111111011011111111
111001111100000111110110001111111111011111111
111001111100000111110110011110111011011111111
111001111100000111110110001111111011011111111
111001111100000111110110011111111011011111111
111001111100000111110110011111111011011111111
111001111100000111110110011111111011011111111
111001111100000111110110011111111011011111111
111001111100000111110110011111111011011111111
111001111100000111110110011111111111011111111
111001111100000111110110011111111011011111111
111001111100000111110110011111111011011111111
111001111100000111110110011111111011011111111
111001111100000111110110011110111111011111111
111001111100000111110110011111111011011111111
111001111100000111110110011111111011011111111
111001111100000111110110011111111011011111111
111001111100000111110110011111111111011111111
111001111100000111110110011111111011011111111
111001111100000111110110011111111011011111111
111001111100000111110110011111111011011111111
111001111100000111110110011111111011011111111
111001111100000111110110011111111111011111111
111001111100000111110110011111111011011111111
111001111100000111110110011111111111011111111
111001111100000111110110011111111111011111111
101001111100000111110110011111111011011111111
111001111100000111110110011110111011011111111
111001111100000111110110011111111011011111111
111001111100000111110110011110111111011111111
111001111100000111110110011111111011011111111
111001111100000111110110011110111011011111111
111001111100000111110110011111111011011111111
111001111100000111110111011111111111001111111
111001111100000111110110011111111011001111111
111001111100000111110110011111111011011111111
111001111100000111110110011111111011011111111
111001111100000111110110011111111011011111111
111001111100000111110110011111111111011111111
101001111100000111110110011111111011011111111
111001111100000111110111011111111111011111111
111001111100000111110111011111111111011111111
111001111100000111110110011111111011011111111
111001111100000111110110011111111011011111111
101001111100000111110110001111111011011111111
101001111100000111110110001111111111001111111
111001111100000111110110011111111011011111111
111001111100000111110110011111111011011111111
111001111100000111110111011111111011011111111
111001111100000111110111011111111111011111111
111001111100000111110111011111111011011111111
111001111100000111110110011111111011011111111
111001111100000111110110011111111111011111111
111001111100000111110111011111111011011111111
111001111100000111110110011111111111011111111
101001111100000111110110011111111011011111111
101001111100000111110111001111111111011111111
111001111100000111110111011111111111011111111
111001111100000111110111011111111011011111111
111001111100000111110110001111111011011111111
111001111100000111110110001111111011011111111
111001111100000111110110001111111111011111111
011001111100000111110111001111111111011111111
011001111100000111110110001110111111011101111
001001111100000101100111001111011010011000010
010001101000000100000111001110001100001000000
000000100000000000000111000010001110000000000
000001100000000000000110000001001010000000000
000000100000000000000110000000001100000000000
000000110100000100000100000001001100000000000
000000100000000100000100001001001100000000000
000000100000000000000000000001001010000000000
010001000000000000000110000011001110000000000
000001000000000000000110000011001100000000000
010000100000000000000110000001001100000000000
010000100000000000000010000000001100000000000
000000100100000100000110000011001000000000000
000001110100000100000110000000001100000000000
000000110000000100000110000000001100000000000
000000100000000000000010000000001100000000000
000001100000000000000100000011001100000000000
000001100000000000000101000000001100000000000
000001100000000000000111000000001110000000000
000000100000000000000110000000001100000000000
000000100000000100000100000000011100000000000
000001100100000100000100000000011000000000000
000001000000000100000100000000001100000000000
000001000000000000000110000000001000010000000
000000100000000000000010000001001100010000000
000000100000000000000110000000001100000000000
000000100000000100000100000000001110010000000
000000100000000100000100000000001110010000000
000000100100000100000110000001001010010000000
000001000100000100000110000000001100000000000
000000010000000100000111000001001100000000000
000000010000000000000110000001011100001000000
000000100000000000000110000001001100001000000
000001100100000000000110000001001100001000000
000000100100000100000110000011001100001000000
000001110000000100000100000000001100001000000
000000110100000100000100000000001000000000000
000000110100000100000101000001001100000000000
000001100100000100000100000000001000000000000
000000100000000000000110000000001000000000000
000000100000000000000000000011001100000000000
000001000000000000000100000001001100000000000
000000000100000100000110000000001000000000000
000000000000000000000010000000001000000000000
000000000000000100000100000000001000000000000
000000000100000100000100000000000000000000000
000000000000000000000000000000000000000000000
000000000000000000000000000000000000000000000
000000000000000000000000000000000000000000000
000000000000000000000000000000000000000000000
000000000000000000000000000000000000000000000
000000000000000000000000000000000000000000000
000000000000000000000000000000000000000000000
000000000000000000000000000000000000000000000
000000000000000000000000000000000000000000000
000000000000000000000000000000000000000000000
000000000000000000000000000000000000000000000
000000000000000000000000000000000000000000000
000000000000000000000000000000000000000000000
000000000000000000000000000000000000000000000
000000000000000000000000000000000000000000000
000000000000000000000000000000000000000000000
000000000000000000000000000000000000000000000
000000000000000000000000000000000000000000000
000000000000000000000000000000000000000000000
000000000000000000000000000000000000000000000
000000000000000000000000000000000000000000000
000000000000000000000000000000000000000000000
000000000000000000000000000000000000000000000
000000000000000000000000000000000000000000000
000000000000000000000000000000000000000000000
000000000000000000000000000000000000000000000
000000000000000000000000000000000000000000000
000000000000000000000000000000000000000000000
000000000000000000000000000000000000000000000
000000000000000000000000000000000000000000000
000000000000000000000000000000000000000000000
000000000000000000000000000000000000000000000
000000000000000000000000000000000000000000000
000000000000000000000000000000000000000000000
000000000000000000000000000000000000000000000
000000000000000000000000000000000000000000000
000000000000000000000000000000000000000000000
000000000000000000000000000000000000000000000
000000000000000000000000000000000000000000000
000000000111000001000100000001000100000001000
000000111111000101100110100111101100001011000
000000111111000111110110101111101101001011100
000101111111110111110111101111101101011111110
000101111111110111110111100111101101011111110
000101111111110111110111100111101100011111110
000100111111100111100111100111101100001111110
000000111111100101100111100111101100000011000
000001111111110111110111100111101100011011100
000001111111110111010111100111101100011111100
000000111111110111100111100111101100011111100
000000111111100101100111100111101100001111000
000001111111100101100111101111101100001111100
000000111111100111110111100111101100011111100
000000111111100101000111100111101100011111100
000001111111110111110111101111101100011111100
000000111111110111110111101111101100001111100
000000110111110111110111100111101100001111100
000000110111100111000111100111101100001111100
000000110111100111010111101111101100001111100
000000111111100111100111101111101100011111100
000000010111100111100111101111101100011111100
000000010111110111110111100111101100011111100
000000110111111111000111101111101101011111100
000000110111111101000111100111101100001111100
000000111111111111100111101111101101001111100
001000111111111111000111101111101101011111100
001000111111111111010111101111101101111111100
001000111111110111110111101111101111111111100
000000110111110111110111111111111111111111111
000000110111010111110111111111111111111111111
000001111111110111110111111111111111111111111
101000111111111111110111111111111111111111111
100001110111111111110111111111111111111111111
100000110111110111110111111111111101011111100
100000110111110111110111101111111101111111100
100000110111100111110111111111111111111111111
101000110111110111111111111111111111111111111
101001111111110111110111111111101111111111111
101000111111110111110111101111111111111111111
000001111111110111110111111111111111111111101
101001111111110111110111111111111111111111101
101001111111100111110111101111111111111111101
101001111111110101111111111111111101111111111
101001111111110101111111111111111101111111111
101001111111110101111111111111111101101111111
101001111111111101111111111111111101111111111
101001111111111101011111111111111101111111111
101011111111111101011111111111111101111111111
100001111111110101111111111111111101111111111
101001111111100101111111111111111100110111111
100001111111100101111111111111111101111111111
100001111111100101111111111111111101111111111
101001111111100111111111111111111101111111111
101001111111100111111111111111111101111111111
101001111111100101111111111111111101111111111
101001111111110101111111111111111101111111111
101001111111111111111111111111111101111111111
101001111111100111111111111111111101111111111
101001111111000111111111111111111101111111111
101001111111100111111111111111111101111111111
101001111111100111111111111111111101111111111
101001111111100111111111111111111101111111111
101001111111100111111111111111101101111111111
101001111111110111011111111111111100111111111
100001111111000111011111111111111100111111111
101000111111000111011111111111111000111111111
111000111111000111010100110101101000111111111
101000111111000111010100111011101101111111011
101001111111100111111111111111111101111111111
101001111111110111111111111111111101111111111
101001111111110111001101111111111101111111111
101000111111100111011101111111101101111111111
101000111111111111011101111111101101111111111
101000001111111011001101111011101101100111111
101000001111110011000101111111101101000111111
101000001111100011000101111111001100000010111
100000001011010001000101101110001100010010011
101000000101100001000101101011000100010011111
101000001111100001000101101111100100010111111
101000111111100011000101101111100001110111111
101000011110110011000101101011101101010111111
101000011110000011000101111010101101010111111
100000011100000111000101111111101100110111111
100000111100000111000101111111101101100111111
100001111100000011000101111100101101110111011
101000011100100011000101111001101101111111011
101000111010000011000101111011101000000011011
101000111110000001000101101011001000000111011
101000111110000001000100011011101000100111011
101000111110000101000100011011101000110111011
101000111110000001000100010010001000000011011
101000111110000001000100000011101000000111011
101000111110000011000100010011101000001111011
100000011110000010000100010011101000001111001
100000111110000100000101010001001000001110011
100000011110100101000101011011001000001111011
100000011100000101100101101111001000101111011
101000011100000101000101101011101101101110011
101000111100000111000101100011100100101110010
100000110100000111000100110011101100101110000
100000110100000111000100000011101101111110010
000000010100000101000100000011101100101110010
000000010100000101000101000011101000000010010
100000010110010111000101000011101000001110010
101010110010010111000101001001101001110110110
101010111110011111000101001001101000111110110
101010111110011111010101111101101001111111110
101000111100010111010101111011101001111111110
100000111100000111010100111001101001111111110
000000011100000111000100101001101001111111110
000000011110000111010110011111101001011111100
000001011110000111010111111111101001110111110
100000010110000111110111111111101001110111111
100000011110000111110110111111101001111111111
100000011110000111110111111111101001111111111
100001111110100111111111111111101001111111111
100001111111000111111111111111101101111111111
101001111111101111111111111111111001111111111
101001111110101111111111111111111101111111111
101001111111111111110111111111111111111111111
101001111111100111110111111111101101111111111
101001111111100111110111111111111101111111111
101001111111111111111111111111111101111111111
101001111111111111111111111111111111111111111
101001111111111111111111111111111101111111111
101001111111111111111111111111111101111111111
101001111111111111111111111111111101111111111
101001111111111111111111111111111101111111111
101011111111111111111111111111111101111111111
101011111111111111111111111111111111111111111
101011111111111111111111111111111111111111111
101001111111111111111111111111111111111111111
101001111111111111111111111111111111111111111
101001111111111111111111111111111111111111111
101011111111111111111111111111111101111111111
101011111111111111111111111111111101111111111
101011111111111111111111111111111111111111111
101001111111111111111111111111111101111111111
101001111111111111111111111111111101111111111
101001111111101111110111111111111101111111111
101001111111101111111111111111111101111111111
101001111111111111111111111111111111111111111
101001111111101111111111111111111111111111111
101001111111111111111111111111111101111111111
101001111111101111111111111111111101111111111
101001111111101111111111111111111101111111111
101001111111101111111111111111111101111111111
101001111111101111111111111111111111111111111
101001111111111111111111111111111101111111111
101001111111100111111111111111111101111111111
101001111111100111111111111111111101111111111
101001111111101111111111111111111101111111111
101001111111101111111111111111111101111111111
101001111111111111111111111111111111111111111
101001111111111111111111111111111111111111111
101011111111111111111111111111111111111111111
101011111111111111111111111111111111111111111
101001111111111111111111111111111111111111111
101001111111111111111111111111111101111111111
101011111111100111111111111111111101111111111
101011111111111111111111111111111111111111111
101001111111111111111111111111111101111111111
101001111111111111111111111111111111111111111
101001111111111111111111111111111111111111111
101011111111111111111111111111101101111111111
101011111111111111111111111111111101111111111
101011111111111111111111111111111101111111111
101011111111111111111111111111111101111111111
101011111111111111111111111111111101111111111
101011111111111111111111111111111101111111111
101011111111111111111111111111111101111111111
101001111111111111111111111111111101111111111
101001111111111111111111111111111101111111111
101011111111111111111111111111111101111111111
101011111111111111111111111111111101111111111
101011111111110111111111111111111111111111111
101001111111110111111111111111111111111111111
101001111111111111111111111111111111111111111
101001111111111111111111111111111111111111111
101011111111111111111111111111111101111111111
101010111111111111111111111111111101111111111
101011111111111111111111111111111101111111111
101001111111111111111111111111111111111111111
101001111111111111111111111111111111111111111
101011111111111111111111111111111101111111111
101000111111111111111111111111111101111111111
101000111111111111111111111111111101111111111
101000111111111111111111111111111101111111111
101000111111111111111111111111111101111111111
101000111111111111111111111111111101111111111
101000111111111111111111111111111101111111111
101000111111101111111111111111111101111111111
101000111111100111111111111111111101111111111
101000111111111111111111111111111101111111111
101000111111111111111111111111111101111111111
101010111111111111111111111111111111111111111
101000011111111111111111111111111101111111111
101000111111110111111111111111111111111111111
101001111111110111111111111111101111111111111
101001111111110111111111111111101101111111111
101001111111110111111110111111101111111111111
101001111111100111111110111111111111111111111
101000111111110111101111111111111101111111111
101000111111110111100111111111111101111111111
101000111111110111101111111111111101110111111
101000111111110111101111111111101101110111111
101000111111110111111111111111101101101111111
101001111111110111111111111111101111101111111
101001111111110111111111111111101101111111111
101001011111110111110111111101101101111111111
101001111111110111110111111111101101111111111
101001111111100111111111111111111101101111111
101001111111100111111111111111111001101111111
101001111111100111111111111111101001101111111
101011111111100111110111111111101101111111111
101001111111100111110111111111101101111111111
101001111111100111110110111111111101111111111
101000111111100111111111111111111101111111111
101000111111100111111111111111101101111111111
101001111111100111111011111111101101111111111
101000111111100111111111111110101101111111111
101001111111100111111111111111111101111111111
101001111111100111110111111110101101111111111
101001111111100111110111111111101001111111111
101011111111100111110011111111100001111111111
101011111111100111110111111111101001111111111
101001111111101111110111111111100101111111111
101000111111100111110111111111110101111111111
101010111111100111110111011111111101111111111
111011111111100111111111111111101101111111111
111011111111100111111111111111111101111111111
101001111111100111110111101111111101111111111
101011111111101111111111101111111101111111111
111011111111111111111111111111111101110111111
111011111111101111111111111111111001110111111
111111111111100111111111111111111001111111111
111111111111001111111111111110111101111111111
111011111111101111111111111101111101111111111
111111111111111111111011111111111001111111111
111111111111100111111111111111111001111111111
111111111111100111111110111110110001101111111
111111111111100111111111111111111001111111111
111111111111100111111001111111111011111111111
111111111111111111111111111111111101111111111
111111111111111111111111111111111001111111111
111011111111101111111111111111111001111111111
101011111111101111111111111111110001111111111
111011111111100111111111111111111001111111111
101111111111111111111111111111111101111111111
101111111111111111111111111111111101111111111
111111111111101111111111111111111101111111111
111011111111101111111111111111111101111111111
111111111111101111111111111111111001111111111
111111111111111111111111111111111111111111111
111111111111111111111111111111111111111111111
101111111111111111111111111111111111111111111
111011111111101111111111111111111111111111111
111011111111101111111111111111111111111111111
111111111111100111111111111111111111111111111
111111111111101111111111111110111111111111111
101111111111101111111111111101111111111111111
101001111111100111110111111101110101111111111
101001111111100111111111111100110001111111111
101111111111100111111111111110110001111111111
111111111111100111110111111110110011111111111
111111111111100111110001111101111111110111111
111101111111101111110001111101111111111111111
111111111111101111111111111111111111111111111
111111111111100111110111101111111011111111111
111111111111100111110111101111110011111111111
111111111111111111110000111000111111111111111
111001111111101111110010111001111111111111111
101011111111101111111111111111111111111111111
101111111111100111111111111111111111111111111
111111111111100111111111101110111011101111111
101111111111100111110001111111111111111111111
101111111111101111111011111111111111111111111
101111111111101111110111111110111111111111111
111111111111101111110111111110111111111111111
101111111111100111111001111111111001111111111
101111111111100111111000101111111001111111111
101001111111001111110010111111111111111111111
111001111111001111110111111111111011111111111
101111111111101111110011111111111011111111111
101111111111111111110011111111111001111111111
101101111111101111110011111100110001111111111
101001111111001111110110111100110001111111111
101001101110101111110010111111111011111111111
101111111111101111110011111110111011111111111
101111111111101111110001111100111001111111111
111111111101100111110000101100110001111111111
111001011100000111110010001111110001111111111
101001111111001111110010111100111001111111111
101111111111101111110001111100111111111111111
101111111111111111110000111101111111111111111
101101011111101111110000111111111001111111111
101001111111100111111110001111111001111111111
101001111111101111111011101111111001111111111
101111111111111111110011111111111111111111111
101111111111111111110011111111111111111111111
101111111111111111110011111110111111111111111
101001111111111111111111111111110101111111111
101011111101110111111111111111110001111111111
111111101101111111110001111110111111111111111
111111001101111111110011101110111111111111111
101001111101101111110111101110111111111111111
111001111100100111110010111111111111110111111
111001001100100011110001101100010001000111111
111111001101100011110001101100010011001111111
101111111101110011110001111100110111011111111
101101111101111111110111111110111111111111111
111001001100101111110111111110011111111111111
111001001101111111110011111000011111101111111
111101111101100011110001101000110011101111111
111111111101110011110111101100110011111111111
111101111100111111110111111110001111111111111
111000111100101111110111111010111111111111111
111100111100001111110101111000110111111111111
111111111101110111110101111000110011111111111
111111101101110111110111111110110011101111111
111101101100101111110111111100111111111111111
111100111100101111110001011000011111111111111
111000111100101111110001111000000111101111111
111101111001100011110001111000000011101111111
111111111101100001110011101100110001101111111
111001111110100011110111101110110011000111111
111001111110001011111101111100011111010111111
111001111110001111111001111000111111111111111
111101111101111111110111111100111111111111111
111001111101111111110111111110111011111111111
101001111111101111111111101110111011011111111
111001111110001111110011011111111111011111111
111000101110111111110011111011111111111111111
111011101111111111110111111110011111111111111
111001111101011111110111111110011111111111111
101001111101000111110111001111111111011111111
101000110010000011110000011111111111110111111
111000001110001111110000111000011111111111111
111000001110011111110011111100011111111111111
111111111111111111111111111111111111111111111
111111111111111111111111111111111111111111111