000000000000000000000000000000000000000000000
111111111111111111111111111111111111111111111
111111111111111111111111111111111111111111111
111111111111111111111111111111111111111111111
111111111101111101011111101111111101011011111
111111001101111101011111111100011111111010111
111111000111111001011001110000011111110010011
111111000110111101111001110111111110110111111
111111111111010100101000000111110100111011111
111111110101100100001100001100000100000011011
111110010001110001001101100100010100101010011
111110000010111001001000110001011100100011011
111110010010010001001000110011011100100001011
111111110010010001001000000111011100000011011
111110110011110101101101001111111100101111011
111111110111111101001111110111111100111111111
111111111111011111011101111111111111111111011
111111111110011111111101111011111110111111111
111111110110011101111011111111111100110011011
111111110110011101111111111111111101110011111
111111110111011101111111100111111101111111111
111110110111011101011100101111111100111111111
111110011111011111111100111111111100111111111
111110011110111111111110110111111100110011111
111111010111110101101010100111111100111111111
111111111011111101011000100111111100010111111
111111111011001101001000100111111100010111111
111110011111001101001100010011111100110011011
111110011111011111111110011111111101110011011
111111110111111111111110011111111100111111111
111111110011110111111100010111111100111111111
111110110011011100001100010111111100100111111
111100110011011101011110010011111110110011011
111111111111011111111111011111111111110111011
111111111111011111111111111111111110111111011
111111110111011100101101111111111110111111111
111110110010011001001101111111111110111011011
111110110010011001101111111111111110100011011
111100110010011001101111111111011110100011011
111110110010011001001100111011011110110011011
111110110010011000001101011011011110111011011
011100110000011000001101011011011110100011011
011100110010011000001111011011011110100001011
111100110010011000001101011011001110100000011
111110110010111001101101111011011110111011011
111110110000111001101101111111011110111111011
011110110000111001101111111111011110101011011
111110100000010001001111111111011110100010011
111110110000010001001111111111001110100010011
111111110000111000101101111111011110101111011
111111110011111000101111111011111110111111011
111111110110111001101111111011111110111111011
010110100010111101101111111111111110101111011
010110100011010001001111111111001110101111010
010111110001110001001101011111011110101111011
011110110001111011001101111011011111101111011
010110110010111001101111111011011110111111010
010110110010111101101111011111011110100010011
011110110000011001001101010111011110100010011
011110110001110001001101010111011110101110011
011110100000111001001101110111011110101111011
011110100000011000001111111111011110111111010
011100100010011000001111110010001110110000010
011100100010011000001101110011001110101000010
011111100000011000001001110011001010101000010
011110100000111000001111110011001010101000010
011110100000011000001111111011001010101000010
011101100000011001101011110011001110110010010
011111100000011001101001110011001110111010010
011111100010111001101101111111001010101000010
011111110010111000101111111111011110111110010
011111110010011000101111111111011010111111010
011111110010011000101111111111001110111011010
011110010000011000101101111111001110111111010
010111110010111001101111111111011110111111010
010111110011111001101111111111111110111111110
010111110111011111101111111111011110111111010
010111100111111111101011111111111110111111110
010111100111111111101101111111111110111111110
010111111111111101101101111111011110111111010
010110110111011001101111011111011110111111010
010111100011011000101001011111011010111101010
010110000011011000101000111111011110100001010
010110000000011000001000110111001110100000010
010111000000011000001100010100001110101000010
010110000000011000001100010000011010101000010
010110000000010000001000010101001010100000010
010110000000010000101000010100001010100000010
010111000000011000101000110000001010100001010
010111000000011000101100010100001110100001010
010111100000011000101111110100011110101000010
010111110000011000101000010000011110111000010
010111110000010000101000110000001110100000010
010111000000011010101100011111001110101000010
011111110001111010101111111111011110111101010
011111100000111010101101111111011110111001010
010111100000111010101001001111111110101001010
010111000000011010101000011111011110111001010
010111000001011000101110011111011110111101010
010111000001111010101111111111011110111101010
010111000001111110101111111111111110111101010
010100000010111110111101111111111110111101010
010100000010111111111111001111111110111101010
010101000001111111101111101111111111111111110
010111100001111011111111111111111111111101110
010111100001111110111101101111111110111101010
010111110001111010111001101111111111111100010
010111110001011010111000101111111110111100010
010111110001011011101111101111111010110100010
011111110000001010101000101110011010110101110
011111110000010010111001101110010011011101110
010110100000011010111001111100011010101100010
010111100000011010111111111100111111110100010
010111100000011110111111111110111111100100010
010111100000011010111111111110011111111101010
010111100100011010111001111110111110111001010
010111110000011010111111111111111110111100010
010111110000011010111111111111111110111100010
010111110000011010111111111111111110111100010
010111110000111010101011111111111110111100010
010111100000011010111111111101111110111000010
010111100000011010111111111111011010110000010
010111100000011010111111111111111110111000010
010111100000011010111111111111111110111100010
010111110000111010111011111111011110111100010
010111100000111010111011111111011110111100010
010111100000011000111111111111111111111100010
010111110000011010111111111111011111111100010
010111100000011010111111111110011111111100010
010111100000011010111011111100011110111100010
010111100000011010111011111110010010111100010
011111100000011010111111111110010111111100010
011111100000011010111011111110010011111100010
011111100000011010101011111110010010111100010
011111100000011010101001111100010010111100010
010111100000011010101011011000010010101100010
010111100000001010101011111000010010111100010
010111100000011000101111111000010010111100010
010111100000011000101011111000010010111100010
010111100000011010111011111000010010111100010
011111100000011010111111011000010010111100110
011111100000011000111111011000010010111100010
010111100000011010111011011000010010111100010
010111100000011010101011111100010010111100010
011111100000011010101011111100010010111100010
011111100000011000101011010100010010111000010
011111100000011010101010010100010010111000010
010111100000011010101011110000010010101000010
010111100000011000101011110000010010101000010
011111100000111010101011110000010010101000010
011111100000011000101111010000010010101000010
011111100000011010101011110010010010111000010
011111100000011000101011010000010010100000010
011111100000011000101010010000010010100000010
010111100000011000101010010000010010100000010
011111100000011000001010110000010010100000010
011111100000011000001010010000010010100000010
011111100000011000001000010000010010100000010
011111100000011000101000010000010010100000010
010111100000011000101010010000010010100000010
011111100000011000001000010000010010100000010
011111100000011000001000010000010010100000010
011111100000011000001000010000010010100000010
011111100000011000001000110000010010100000010
011111100000011000001000000000010010100000010
010111100000011000001000010000010010100000010
010111100000011000001000010000010010100000010
010111100000011000101000010000010010100000010
010111100000011000001000010000010010100000010
011111100000011000001000000000010010100000010
010111100000011000001000000000010010100000010
010111100000001000001000000000010010100000010
010111000000011000001000000000010010100000010
011111000000011000001000000000010010000000010
011111100000001000001000000000010010000000010
010111100000011000001000000000010010000000010
010111100000001000001000000000010010000000010
010111100000011000001000000000010010100000010
010111000000011000001000000000010010100000010
010111000000011000001000000000010010100000010
010110100000011000001000000000010010100000010
011111100000011000001000000000010010100000010
010110100000011000001000000000000010100000010
010110100000011000001000010000010010100000010
010110100000001000001000000000000010000000010
010110100000011000000000000000000010100000000
010110100000011000000000000000000010100000010
011110100000011000001000000000010010100000010
011110100000011000001000000000010010100000010
010110100000011000001000000000000010100000010
011110100000011000001000010000000010100000010
011110100000011000001000010000010010100000010
011110100000011000001000010000010010100000010
010110100000011000001000000000010010100000010
011111100000011000001000010001010010100000010
011111100000011000001000000001010010100000010
011111100000011000001000000000010010100000010
011111100000011000001001000000010010100000010
011111100000011000001001010000010010101000010
011111100000011000001000010000010010101000010
011111100000011000001000000000010010100000010
011111100000011000101001000000011110111000010
011111100000011000101001000000010110101000010
011111100000011000001000010000010010100000010
011111100000011000001000010000010010100000010
010111100000011000001000000000010010100000010
011111100000011000001000000000010010100000010
011111100000011010101000001000010110100000010
011111100000011000001000000000010010100000010
011111100000011000001000001000010010100000010
011111100000010000001000000000010010100000010
011111100000011000001000000000010010100000010
011111100000011000001000011000010110100000010
011111100001111010101001111000010110100000010
011111100000111000111001111000010010101000010
011111100000111010111010011000010110100000010
011111100000011010111000011000010111100000010
011111100000011010111001111001011111100000010
011111100000111010111000111000011111111000010
011111100000111010111000111001010011101100010
011111100000111010111000011001111011100000010
011111100001111000101001111001011111101001010
011111100001111000001000110001011011101000000
011111101001111011101001010101011110111001010
011111100001111111101000110101011111111101010
011111100000111111011001010101010011111101010
011111101000111111101000010111011010111101010
011111101000111111111000010011011111111101010
011011001000111110101000010011011011101001110
010011000100001010011000010010010000101001000
000011000100011010001000010010000001101000000
010111000000011110000000010001010011101100000
011111000000011110010000000001010011101100000
011111100000011010000000010001010000111101010
011111100000011110001000010001011000111100010
011111100000011100001000010001011000111100010
011111100000011110001000000001010000111100010
011111100000011100000000000001010000101100010
011111000000011000000000000001010000001100000
000111000000011100000000000011010000001000000
001111000000001100000000000001110010101000010
000111100000001100000000000001010010111000010
000001100000100100000000100001010010101000000
001111100000010000000000100001110010101000010
011101101000010000000000100001010010101100010
010111100000110000000000100001110010100100010
010110100000000000000000010001010010000100010
010111100000010000000000000001010010001100010
010101100000110000000000010001110010101000010
011101100000110000000000010001110010101000000
011101100000010000000000010001011010001000010
011000100000000000000000010001011000000001010
011000100000000000000000010001111000000001010
011100100000000000000000000001010010000000010
011100100000100000000000000001010110000001010
011101100000100000000000010001010010000001010
011101100000100000000000010001010010010000011
011101100000010000000000010000010010110000010
111101100000111000000000010001110110110100010
111101100000111000000000010001111110110101010
111101101100011000000000000000111110110100011
111111100000011000000001001001011110110100011
111101100000011000000000001000000110000000010
011010100000010000000000001000000010000100010
111000100000011000000000001000000100000000000
111001100000011000000000001000000000000000000
111101100000101000000000000000000010000000010
011110100000101000000000000000000001000000010
011111100000111000001000010000011111111100011
111111100000011000001000010000011011111100010
111111100000111000001000010000011011111100010
111111100000111100001000010001010011111100011
011111100000011010001000110000011011111100010
011111101000111000001000010000011010111100010
111110100000001000001000010000011010100000010
000000000000000000000000000000000000000000000
000000000000000000000000000000000000000000010
111111100000001100001000100001110011101100010
111111100000011000001010110001111011111100010
111111100001011010001000111001111011111100011
011111100001111010101000011001110011101100011
011111100000111000101001010001110111101100010
011111100000111000001000010011111110101000010
011111101000111000101001010001111110101100010
011111100000111000001000010001111111111101011
111111100000011000001000010001010011101001010
111111100000111000001010110001010111101000010
111111100001111000001010110001011111101001010
111111100001111000101010110001011111101101011
011111100000111000101000110001011010100101010
111111100001111000101010111001111010101100011
111110100001111000101011110001111111101101011
111111100001111000101001110001111111101101011
011110100001111000001000100001111010101000010
011110000000100000000000000000000010100000010
011110000001111000001000000001000010100100010
011111100000111000001000000001000010100000010
011111100001111000100000000001000011101000010
011011100001111000101000001001011111101100000
011011101000111000101000100001011011100100000
010000101001111000100011000001010010100000000
010100100001111000100000000000000010101000000
011010100000111000100000000000000010101100000
011010100001111000100010000000001010101100010
011100100000111000100010000000001010101100011
010100100001111001100010000000000011101100010
011100100000010000100000000000000010101100000
010100000000111000000000000000000010101100000
010100000000110000000000000000000010100100000
001000100000111000100000000000000011100000000
000110100000011000100000000000000011100000000
000110100001111000000000000000000010100100010
000010000000100000000010000000000010000100000
000010000000101000000010000000000000000000000
000000000000000000000010000000000010100000010
001000000000001000100010000000000010100100000
000000100000001000100010000000000011101100000
010000100000001000100010000000000010100100000
000000000000011000100010000000000010100100000
000000000000001000000010000000000000101000000
000000100001011010100010000000000000101100000
000000100001011000100010000000000000101100000
000000100000000000000010000000000000111100000
000000100000000000000010000000000000101100000
000000000000000000100010000000000000001000000
000000000000000000000010000000000000000000000
000000000000000000000010000000000000000000000
000000000000000000000010000000000000001000000
000000000000000000000010000000000000000000000
000000000000000000000010000000000000000000000
000000000000000000000010000000000000000000000
000000000000000000000010000000000000000000000
000000000000000000100010000000000000000000000
000000000000000000100010000000000000000000000
000000000000000000000000000000000000000000000
000000000001000000000010000000000000000000000
000000000000000000000010000000000000000000000
000000000000000000000010000000000000000000000
000000000000000000000000000000000000000000000
000000000000000000000000000000000000000000000
000000000000000000000000000000000000000000000
000000000000000000000000000000000000000000000
000000000000000000000000000000000000000000000
000000000000000000000000000000000000000000000
000000000000000000000000000000000000000000000
000000000000000000000000000000000000000000000
000000000000000000000000000000000000000000000
000000000000000000000000000000000000000000000
000000000000000000000000000000000000000000000
000000000000000000000000000000000000000000000
000000000000000000000000000000000000000000000
000000000000000000000000000000000000000000000
000000000000000000000000000000000000000000000
000000000000000000000000000000000000000000000
000000000000000000000000000000000000000000000
000000000000000000000000000000000000000000000
000000000000000000000000000000000000000000000
000000000000000000000000000000000000000000000
000000000000000000000000000000000000000000000
000000000000000000000000000000000000000000000
000000000000000000000000000000000000000000000
000000000000000000000000000000000000000000000
000000000000000000000000000000000000000000000
000000000000000000000000000000000000000000000
000000000000000000000000000000000000000000000
000000000000000000000000000000000000000000000
000000000000000000000000000000000000000000000
000000000000000000000000000000000000000000000
000000000000000000000000000000000000000000000
000000000000000000000000000000000000000000000
000000000000000000000000000000000000000000000
000000000000000000000000000000000000000000000
000000000000000000000000000000000000000000000
000000000000000000000000000000000000000000000
000000000000000000000000000000000000000000000
000000000000000000000000000000000000000000000
000000000000000000000000000000000000000000000
000000000000000000000000000000000000000000000
000000000000000000000000000000000000000000000
000000000100000000000000000000000000000000000
000000000100000000000000000001000000000000000
000000000110010101100000000011001000000001000
000101010110010101100100001001001100000000000
000111010110011101100100100101001000100001001
000111010110011101101000000011101100110110001
000111000110011100101101101111001000100011001
000111010110011100101101000111001100010011001
010111010110011101101101101101001000000010001
000111000110011101101000000111011000100010001
010111010110011101101101100101001100111111001
011111010110011101101101101111111100110111001
011111010111011101101101100111111100111100001
011111010111011101001101000101011100110111011
011111010110011101101101110111011100111111011
011111110110011101101101110111111100110111011
011111010111011101101101101111111100110111011
011110010110011101101101000111011100100111011
011111010110011101101101100111011100100111011
011111110110011101101101101111111100111111001
011111010110011101101101100101111100110111001
011111010110011001001001110011111100101110011
011111010110011101001101100101011100100111011
010111010110011101101101010101011100100111001
011111010110011101101101100111111100110111001
011111010110011101101001000111111000110110011
000111010110011101101101100101011100110111011
100111000110010101101101100001011000100011011
010111010100011101101101100000011000001000011
011111010110011101001101100001111000110111011
011111010111011101101101110111111000110111011
011111110111011101101101110111111100110111011
011111010110011101101101110111111100111111011
011111010111011101001001100101111100110110011
011111010111011101101101110111111100111111011
011111110110011101101101101111111100110111011
011111010111011101101101100101111000110111011
011111010110011101001001100011111100110110011
011111010111011101101101110001111100110111011
111111010110011101101101100111011100110111001
011111010111011101101101100011111100110111101
111111010110011101101001000111111000010110011
011111010110011101101101000101111100110111011
111111010110011101101101100001011100100011001
111111010111011101101101100011111100110101001
111111010110011101001001100001111100110111011
111111010110011101101101110111111100101111011
010111110111011101101101000111011100110111011
111111010111011101101101110111111100100111011
011111010110011101001101100101111100110111011
111111010110011101101101110111111100111111011
111111010110011101101101101101111100111111011
111111010111011101101101110101111000110111011
011111010111011101001001100101111100110110011
111111010111011101101101100101111100110111011
111111010110011101101101110111111100110111011
110111010110011101101101100101111100110111011
111111010111011101101101100111111000110110011
111111010111011101101101110101111100111111011
111111010110011101101101111101111100110111011
111111010111011101101101100111111100110100011
111111010111011101001101100101111100110111011
111111010111011101001101110111111100110111011
111111010110011101101101110111111100110111011
111111010111011101101101110111111100110111011
111111010111011101001101100101111100110111011
111111010111011101101101100111111100110111011
111111010110011101001101100100011100110010011
111111010111011101101101100101011000110011011
111111000110011101001001100101111100110110011
111111010111011101101101100101111100111111011
111111010111011101101101110111111100110111011
111111010110011101101101100101111100111111011
111111010111011001001001110011011000100010011
111111010110011101101101000101011100110111011
111111010110011101101101000101011100110111011
111111010111011101101101100101111100110100011
111111010111011101001101100101111100110110011
111111010111011101001101110111111100110011011
111111010110111101101101100101111100110111011
111111010111011101101101110111111100110110011
111111010111011101001101100101111100110111011
111111010111011101101101110111111100110110011
111111010110011101101101100101111100110110011
111111010111011101101101100101111000110011011
110111010110011101001001110001011000110110011
111111010110011101101101100101111000110111011
111111010111011101001101110101111100110111011
111111010111011101101101100101111100111111011
111111010111011101001001110111111000110110011
111111010111011101101101100101111100110111011
111111010111011101101101110101111100110110011
111111010111011101101101110101111100110100011
111111010111011101001101100101111100110110011
111111010111011101001101110111111100110111011
111111010111011101001101100101111100110111011
111111010111011101101101100111111100110110011
111111010111011101001101100101111100110110011
111111010110011101101101100101111100110111011
111111010110011101101101100101111100110100011
111111010111011101001101100101111000110010011
111111010111011101001001110101111000110110011
111111010110011101001101100101111000111111011
111111010111011101001101110101011100110111011
111111010110011101001101100101111100110111011
111111010111011101001001100101111000110110011
111111010111011101101101100101111100110110011
111111010111011101001101100101111100110010011
111111010110011101001101110101111100110100011
111111010111011101001001100101111100110010011
111111010110011101001101110101011100110110011
111111010111011101001101100101111100110111011
111111010111011101001101100101111100110110011
111111010111011101001001100101111100110110011
111111010111011101001101100101111100110100011
111111010111011101101101100101111100110110011
111111010110011101001101100101111000110010011
111111010111011101001001100101111000110110011
111111010111011101001101100101111000110111011
111111010111011101001101110101111100110111011
111111010111011101001101100101111100110110011
111111010111011101001001100101111100110110011
111111010111011101001101100101111100110110011
111111010111011101001101100101111100110111011
111111010111011101001101110101111100110110011
111111010111011101001001100101111100110110011
111111010111011101001101110101111100110110011
111111010111011101001101100101111100110111011
111111010111011101001101100101111100110110011
111111010111011101001001100101111100110110011
111111010111011101001101100101111100110110011
111111010111011101001101110101111100110110011
111111010111011101001101100101111000110110011
111111010111011101001001100101111000110110011
111111010111011101001101100101111000110110011
111111010111011101001101110101111100110110011
111111010111011101001101100101111100110110011
111111010111011101001001100101111100110110011
111111010111011101001101100101111100110110011
111111010111011101001101100101111100110111011
111111010111011101001101110101111100110110011
111111010111011101001001100101111100110110011
111111010111011101001101110101111100110110011
111111010111011101001101100101111100110111011
111111010111011101001101100101111100110110011
111111010111011101001001100101111100110110011
111111010111011101001101100101111100110110011
111111010111011101001101110101111100110111011
111111010111011101001101100101111000110111011
111111010111011101001001100101111000110110011
111111010110011101001101100101111000110010011
111111010111011101101101100101111100110110011
111111010111011101001101100101111100110100011
111111010111011101001001100101111100110110011
111111010111011101001101100101111100110110011
111111010111011101001101100101111100110111011
111111010110011101001101110101011100110110011
111111010111011101001001100101111100110010011
111111010110011101001101110101111100110100011
111111010111011101001101100101111100110010011
111111010111011101101101100101111100110110011
111111010111011101001001100101111000110110011
111111010110011101001101100101111100110111011
111111010111011101001101110101011100110111011
111111010110011101001101100101111000111111011
111111010111011101001001110101111000110110011
111111010111011101001101100101111000110010011
111111010110011101101101100101111100110100011
111111010110011101101101100101111100110111011
111111010111011101001101100101111100110110011
111111010111011101101101100111111100110110011
111111010111011101001101100101111100110111011
111111010111011101001101110111111100110111011
111111010111011101001101100101111100110110011
111111010111011101101101110101111100110100011
111111010111011101101101110101111100110110011
111111010111011101101101100101111100110111011
111111010111011101001001110111111000110110011
111111010111011101101101100101111100111111011
111111010111011101001101110101111100110111011
111111010110011101101101100101111000110111011
110111010110011101001001110001011000110110011
111111010111011101101101100101111000110011011
111111010110011101101101100101111100110110011
111111010111011101101101110111111100110110011
111111010111011101001101100101111100110111011
111111010111011101101101110111111100110110011
111111010110111101101101100101111100110111011
111111010111011101001101110111111100110011011
111111010111011101001101100101111100110110011
111111010111011101101101100101111100110100011
111111010110011101101101000101011100110111011
111111010110011101101101000101011100110111011
111111010111011001001001110011011000100010011
111111010110011101101101100101111100111111011
111111010111011101101101110111111100110111011
111111010111011101101101100101111100111111011
111111000110011101001001100101111100110110011
111111010111011101101101100101011000110011011
111111010110011101001101100100011100110010011
111111010111011101101101100111111100110111011
111111010111011101001101100101111100110111011
111111010111011101101101110111111100110111011
111111010110011101101101110111111100110111011
111111010111011101001101110111111100110111011
111111010111011101001101100101111100110111011
111111010111011101101101100111111100110100011
111111010110011101101101111101111100110111011
111111010111011101101101110101111100111111011
111111010111011101101101100111111000110110011
110111010110011101101101100101111100110111011
111111010110011101101101110111111100110111011
111111010111011101101101100101111100110111011
011111010111011101001001100101111100110110011
111111010111011101101101110101111000110111011
111111010110011101101101101101111100111111011
111111010110011101101101110111111100111111011
011111010110011101001101100101111100110111011
111111010111011101101101110111111100100111011
010111110111011101101101000111011100110111011
111111010110011101101101110111111100101111011
111111010110011101001001100001111100110111011
111111010111011101101101100011111100110101001
111111010110011101101101100001011100100011001
011111010110011101101101000101111100110111011
111111010110011101101001000111111000010110011
011111010111011101101101100011111100110111101
111111010110011101101101100111011100110111001
011111010111011101101101110001111100110111011
011111010110011101001001100011111100110110011
011111010111011101101101100101111000110111011
011111110110011101101101101111111100110111011
011111010111011101101101110111111100111111011
011111010111011101001001100101111100110110011
011111010110011101101101110111111100111111011
011111110111011101101101110111111100110111011
011111010111011101101101110111111000110111011
011111010110011101001101100001111000110111011
010111010100011101101101100000011000001000011
100111000110010101101101100001011000100011011
000111010110011101101101100101011100110111011
011111010110011101101001000111111000110110011
011111010110011101101101100111111100110111001
010111010110011101101101010101011100100111001
011111010110011101001101100101011100100111011
011111010110011001001001110011111100101110011
011111010110011101101101100101111100110111001
011111110110011101101101101111111100111111001
011111010110011101101101100111011100100111011
011110010110011101101101000111011100100111011
011111010111011101101101101111111100110111011
011111110110011101101101110111111100110111011
011111010110011101101101110111011100111111011
011111010111011101001101000101011100110111011
011111010111011101101101100111111100111100001
011111010110011101101101101111111100110111001
010111010110011101101101100101001100111111001
000111000110011101101000000111011000100010001
010111010110011101101101101101001000000010001
000111010110011100101101000111001100010011001
000111000110011100101101101111001000100011001
000111010110011101101000000011101100110110001
000111010110011101100100100101001000100001001
000101010110010101100100001001001100000000000
000000000110010101100000000011001000000001000
000000000100000000000000000001000000000000000
000000000100000000000000000000000000000000000
000000000000000000000000000000000000000000000
000000000000000000000000000000000000000000000
000000000000000000000000000000000000000000000
000000000000000000000000000000000000000000000
000000000000000000000000000000000000000000000
000000000000000000000000000000000000000000000
000000000000000000000000000000000000000000000
000000000000000000000000000000000000000000000
000000000000000000000000000000000000000000000
000000000000000000000000000000000000000000000
000000000000000000000000000000000000000000000
000000000000000000000000000000000000000000000
000000000000000000000000000000000000000000000
000000000000000000000000000000000000000000000
000000000000000000000000000000000000000000000
000000000000000000000000000000000000000000000
000000000000000000000000000000000000000000000
000000000000000000000000000000000000000000000
000000000000000000000000000000000000000000000
000000000000000000000000000000000000000000000
000000000000000000000000000000000000000000000
000000000000000000000000000000000000000000000
000000000000000000000000000000000000000000000
000000000000000000000000000000000000000000000
000000000000000000000000000000000000000000000
000000000000000000000000000000000000000000000
000000000000000000000000000000000000000000000
000000000000000000000000000000000000000000000
000000000000000000000000000000000000000000000
000000000000000000000000000000000000000000000
000000000000000000000000000000000000000000000
000000000000000000000000000000000000000000000
000000000000000000000000000000000000000000000
000000000000000000000000000000000000000000000
000000000000000000000000000000000000000000000
000000000000000000000000000000000000000000000
000000000000000000000000000000000000000000000
000000000000000000000000000000000000000000000
000000000000000000000000000000000000000000000
000000000000000000000000000000000000000000000
000000000000000000000000000000000000000000000
000000000000000000000010000000000000000000000
000000000000000000000010000000000000000000000
000000000001000000000010000000000000000000000
000000000000000000000000000000000000000000000
000000000000000000100010000000000000000000000
000000000000000000100010000000000000000000000
000000000000000000000010000000000000000000000
000000000000000000000010000000000000000000000
000000000000000000000010000000000000000000000
000000000000000000000010000000000000000000000
000000000000000000000010000000000000001000000
000000000000000000000010000000000000000000000
000000000000000000000010000000000000000000000
000000000000000000100010000000000000001000000
000000100000000000000010000000000000101100000
000000100000000000000010000000000000111100000
000000100001011000100010000000000000101100000
000000100001011010100010000000000000101100000
000000000000001000000010000000000000101000000
000000000000011000100010000000000010100100000
010000100000001000100010000000000010100100000
000000100000001000100010000000000011101100000
001000000000001000100010000000000010100100000
000000000000000000000010000000000010100000010
000010000000101000000010000000000000000000000
000010000000100000000010000000000010000100000
000110100001111000000000000000000010100100010
000110100000011000100000000000000011100000000
001000100000111000100000000000000011100000000
010100000000110000000000000000000010100100000
010100000000111000000000000000000010101100000
011100100000010000100000000000000010101100000
010100100001111001100010000000000011101100010
011100100000111000100010000000001010101100011
011010100001111000100010000000001010101100010
011010100000111000100000000000000010101100000
010100100001111000100000000000000010101000000
010000101001111000100011000001010010100000000
011011101000111000101000100001011011100100000
011011100001111000101000001001011111101100000
011111100001111000100000000001000011101000010
011111100000111000001000000001000010100000010
011110000001111000001000000001000010100100010
011110000000100000000000000000000010100000010
011110100001111000001000100001111010101000010
111111100001111000101001110001111111101101011
111110100001111000101011110001111111101101011
111111100001111000101010111001111010101100011
011111100000111000101000110001011010100101010
111111100001111000101010110001011111101101011
111111100001111000001010110001011111101001010
111111100000111000001010110001010111101000010
111111100000011000001000010001010011101001010
011111100000111000001000010001111111111101011
011111101000111000101001010001111110101100010
011111100000111000001000010011111110101000010
011111100000111000101001010001110111101100010
011111100001111010101000011001110011101100011
111111100001011010001000111001111011111100011
111111100000011000001010110001111011111100010
111111100000001100001000100001110011101100010
000000000000000000000000000000000000000000010
000000000000000000000000000000000000000000000
111110100000001000001000010000011010100000010
011111101000111000001000010000011010111100010
011111100000011010001000110000011011111100010
111111100000111100001000010001010011111100011
111111100000111000001000010000011011111100010
111111100000011000001000010000011011111100010
011111100000111000001000010000011111111100011
011110100000101000000000000000000001000000010
111101100000101000000000000000000010000000010
111001100000011000000000001000000000000000000
111000100000011000000000001000000100000000000
011010100000010000000000001000000010000100010
111101100000011000000000001000000110000000010
111111100000011000000001001001011110110100011
111101101100011000000000000000111110110100011
111101100000111000000000010001111110110101010
111101100000111000000000010001110110110100010
011101100000010000000000010000010010110000010
011101100000100000000000010001010010010000011
011101100000100000000000010001010010000001010
011100100000100000000000000001010110000001010
011100100000000000000000000001010010000000010
011000100000000000000000010001111000000001010
011000100000000000000000010001011000000001010
011101100000010000000000010001011010001000010
011101100000110000000000010001110010101000000
010101100000110000000000010001110010101000010
010111100000010000000000000001010010001100010
010110100000000000000000010001010010000100010
010111100000110000000000100001110010100100010
011101101000010000000000100001010010101100010
001111100000010000000000100001110010101000010
000001100000100100000000100001010010101000000
000111100000001100000000000001010010111000010
001111000000001100000000000001110010101000010
000111000000011100000000000011010000001000000
011111000000011000000000000001010000001100000
011111100000011100000000000001010000101100010
011111100000011110001000000001010000111100010
011111100000011100001000010001011000111100010
011111100000011110001000010001011000111100010
011111100000011010000000010001010000111101010
011111000000011110010000000001010011101100000
010111000000011110000000010001010011101100000
000011000100011010001000010010000001101000000
010011000100001010011000010010010000101001000
011011001000111110101000010011011011101001110
011111101000111111111000010011011111111101010
011111101000111111101000010111011010111101010
011111100000111111011001010101010011111101010
011111100001111111101000110101011111111101010
011111101001111011101001010101011110111001010
011111100001111000001000110001011011101000000
011111100001111000101001111001011111101001010
011111100000111010111000011001111011100000010
011111100000111010111000111001010011101100010
011111100000111010111000111000011111111000010
011111100000011010111001111001011111100000010
011111100000011010111000011000010111100000010
011111100000111010111010011000010110100000010
011111100000111000111001111000010010101000010
011111100001111010101001111000010110100000010
011111100000011000001000011000010110100000010
011111100000011000001000000000010010100000010
011111100000010000001000000000010010100000010
011111100000011000001000001000010010100000010
011111100000011000001000000000010010100000010
011111100000011010101000001000010110100000010
011111100000011000001000000000010010100000010
010111100000011000001000000000010010100000010
011111100000011000001000010000010010100000010
011111100000011000001000010000010010100000010
011111100000011000101001000000010110101000010
011111100000011000101001000000011110111000010
011111100000011000001000000000010010100000010
011111100000011000001000010000010010101000010
011111100000011000001001010000010010101000010
011111100000011000001001000000010010100000010
011111100000011000001000000000010010100000010
011111100000011000001000000001010010100000010
011111100000011000001000010001010010100000010
010110100000011000001000000000010010100000010
011110100000011000001000010000010010100000010
011110100000011000001000010000010010100000010
011110100000011000001000010000000010100000010
010110100000011000001000000000000010100000010
011110100000011000001000000000010010100000010
011110100000011000001000000000010010100000010
010110100000011000000000000000000010100000010
010110100000011000000000000000000010100000000
010110100000001000001000000000000010000000010
010110100000011000001000010000010010100000010
010110100000011000001000000000000010100000010
011111100000011000001000000000010010100000010
010110100000011000001000000000010010100000010
010111000000011000001000000000010010100000010
010111000000011000001000000000010010100000010
010111100000011000001000000000010010100000010
010111100000001000001000000000010010000000010
010111100000011000001000000000010010000000010
011111100000001000001000000000010010000000010
011111000000011000001000000000010010000000010
010111000000011000001000000000010010100000010
010111100000001000001000000000010010100000010
010111100000011000001000000000010010100000010
011111100000011000001000000000010010100000010
010111100000011000001000010000010010100000010
010111100000011000101000010000010010100000010
010111100000011000001000010000010010100000010
010111100000011000001000010000010010100000010
011111100000011000001000000000010010100000010
011111100000011000001000110000010010100000010
011111100000011000001000010000010010100000010
011111100000011000001000010000010010100000010
011111100000011000001000010000010010100000010
010111100000011000101010010000010010100000010
011111100000011000101000010000010010100000010
011111100000011000001000010000010010100000010
011111100000011000001010010000010010100000010
011111100000011000001010110000010010100000010
010111100000011000101010010000010010100000010
011111100000011000101010010000010010100000010
011111100000011000101011010000010010100000010
011111100000011010101011110010010010111000010
011111100000011000101111010000010010101000010
011111100000111010101011110000010010101000010
010111100000011000101011110000010010101000010
010111100000011010101011110000010010101000010
011111100000011010101010010100010010111000010
011111100000011000101011010100010010111000010
011111100000011010101011111100010010111100010
010111100000011010101011111100010010111100010
010111100000011010111011011000010010111100010
011111100000011000111111011000010010111100010
011111100000011010111111011000010010111100110
010111100000011010111011111000010010111100010
010111100000011000101011111000010010111100010
010111100000011000101111111000010010111100010
010111100000001010101011111000010010111100010
010111100000011010101011011000010010101100010
011111100000011010101001111100010010111100010
011111100000011010101011111110010010111100010
011111100000011010111011111110010011111100010
011111100000011010111111111110010111111100010
010111100000011010111011111110010010111100010
010111100000011010111011111100011110111100010
010111100000011010111111111110011111111100010
010111110000011010111111111111011111111100010
010111100000011000111111111111111111111100010
010111100000111010111011111111011110111100010
010111110000111010111011111111011110111100010
010111100000011010111111111111111110111100010
010111100000011010111111111111111110111000010
010111100000011010111111111111011010110000010
010111100000011010111111111101111110111000010
010111110000111010101011111111111110111100010
010111110000011010111111111111111110111100010
010111110000011010111111111111111110111100010
010111110000011010111111111111111110111100010
010111100100011010111001111110111110111001010
010111100000011010111111111110011111111101010
010111100000011110111111111110111111100100010
010111100000011010111111111100111111110100010
010110100000011010111001111100011010101100010
011111110000010010111001101110010011011101110
011111110000001010101000101110011010110101110
010111110001011011101111101111111010110100010
010111110001011010111000101111111110111100010
010111110001111010111001101111111111111100010
010111100001111110111101101111111110111101010
010111100001111011111111111111111111111101110
010101000001111111101111101111111111111111110
010100000010111111111111001111111110111101010
010100000010111110111101111111111110111101010
010111000001111110101111111111111110111101010
010111000001111010101111111111011110111101010
010111000001011000101110011111011110111101010
010111000000011010101000011111011110111001010
010111100000111010101001001111111110101001010
011111100000111010101101111111011110111001010
011111110001111010101111111111011110111101010
010111000000011010101100011111001110101000010
010111110000010000101000110000001110100000010
010111110000011000101000010000011110111000010
010111100000011000101111110100011110101000010
010111000000011000101100010100001110100001010
010111000000011000101000110000001010100001010
010110000000010000101000010100001010100000010
010110000000010000001000010101001010100000010
010110000000011000001100010000011010101000010
010111000000011000001100010100001110101000010
010110000000011000001000110111001110100000010
010110000011011000101000111111011110100001010
010111100011011000101001011111011010111101010
010110110111011001101111011111011110111111010
010111111111111101101101111111011110111111010
010111100111111111101101111111111110111111110
010111100111111111101011111111111110111111110
010111110111011111101111111111011110111111010
010111110011111001101111111111111110111111110
010111110010111001101111111111011110111111010
011110010000011000101101111111001110111111010
011111110010011000101111111111001110111011010
011111110010011000101111111111011010111111010
011111110010111000101111111111011110111110010
011111100010111001101101111111001010101000010
011111100000011001101001110011001110111010010
011101100000011001101011110011001110110010010
011110100000011000001111111011001010101000010
011110100000111000001111110011001010101000010
011111100000011000001001110011001010101000010
011100100010011000001101110011001110101000010
011100100010011000001111110010001110110000010
011110100000011000001111111111011110111111010
011110100000111001001101110111011110101111011
011110110001110001001101010111011110101110011
011110110000011001001101010111011110100010011
010110110010111101101111011111011110100010011
010110110010111001101111111011011110111111010
011110110001111011001101111011011111101111011
010111110001110001001101011111011110101111011
010110100011010001001111111111001110101111010
010110100010111101101111111111111110101111011
111111110110111001101111111011111110111111011
111111110011111000101111111011111110111111011
111111110000111000101101111111011110101111011
111110110000010001001111111111001110100010011
111110100000010001001111111111011110100010011
011110110000111001101111111111011110101011011
111110110000111001101101111111011110111111011
111110110010111001101101111011011110111011011
111100110010011000001101011011001110100000011
011100110010011000001111011011011110100001011
011100110000011000001101011011011110100011011
111110110010011000001101011011011110111011011
111110110010011001001100111011011110110011011
111100110010011001101111111111011110100011011
111110110010011001101111111111111110100011011
111110110010011001001101111111111110111011011
111111110111011100101101111111111110111111111
111111111111011111111111111111111110111111011
111111111111011111111111011111111111110111011
111100110011011101011110010011111110110011011
111110110011011100001100010111111100100111111
111111110011110111111100010111111100111111111
111111110111111111111110011111111100111111111
111110011111011111111110011111111101110011011
111110011111001101001100010011111100110011011
111111111011001101001000100111111100010111111
111111111011111101011000100111111100010111111
111111010111110101101010100111111100111111111
111110011110111111111110110111111100110011111
111110011111011111111100111111111100111111111
111110110111011101011100101111111100111111111
111111110111011101111111100111111101111111111
111111110110011101111111111111111101110011111
111111110110011101111011111111111100110011011
111111111110011111111101111011111110111111111
111111111111011111011101111111111111111111011
111111110111111101001111110111111100111111111
111110110011110101101101001111111100101111011
111111110010010001001000000111011100000011011
111110010010010001001000110011011100100001011
111110000010111001001000110001011100100011011
111110010001110001001101100100010100101010011
111111110101100100001100001100000100000011011
111111111111010100101000000111110100111011111
111111000110111101111001110111111110110111111
111111000111111001011001110000011111110010011
111111001101111101011111111100011111111010111
111111111101111101011111101111111101011011111
111111111111111111111111111111111111111111111
111111111111111111111111111111111111111111111
111111111111111111111111111111111111111111111