000000000000000000000000000000000000000000000
000000000000000000000000000000000000000000000
000000000000000000000000000000000000000000000
000000000000000000000000000000000000000100000
000000000010001011110000110000000010100100000
000000110010000111110000010011100010010001100
011001111101000111110111001111100000011111100
011000111101001111010111101100001111001100000
000000001111101011110111111000011011000100000
000000101111111111110011111011111111111101100
000001111111001110110011111111101011110101100
000001111111101110110111001110101011011111110
000001111101101111110111111100101011111110100
000001001101111110110111111100111111111100100
000001101110001110110011111000100011010000100
000001001100000011110001000000000011010000100
000001000000100000110011001100100001000100100
000000000001100000010011101100100001100100100
010001101101110110000000111000000011101100100
010001101101111110000000001000000110001100100
000000001100101110010001011000000111001000000
000001101100111110110111110100100111101000100
010011101101100100000111110000000011101100000
000011111101100010000111111000000011011100000
010001101101111110110101111000100111111100000
000000101100101110110111011010100111101000000
000001101100111110110111111110000111111100100
000001101101110011110111101100100011111110100
000011111111110111110001100000110011101100110
100001001101111110110011101000100011000000000
000001001101111111110011111000000111000000000
100001111101111111110111111100100111111100100
101111101101110010110001101100110111011100100
100111000101100010010001101100000011001100111
100001001110100010010001101000000001000000110
101001111101100111110011101001100111000000010
101001111101101111110111101101100111011100110
100111001101111110010011101000100111011100100
100111101101101110010001000000100101111100100
000011111101111111110111101111110001111111110
000001111111111111111111111111110101001100110
101111111111111111110011111110111111011111110
101111111111111111110011110110111111111111110
101111111111111111110011111111111101111111100
111001111111101110110011001110110001011111100
101001111111000110010011001100110001010100100
101111011111101110110011110100111001011110100
101111111111111111110001110001111111011111101
101111111111111111110001111000111101011111101
101001111111101111110010101100101001010011101
101001001111000111110010101101100001000000101
101101001111100111110000101100110001011101101
101111111111101111110001110100110001011100101
101111111111101111110011111000110001011100101
101101111111101111110011111111110011010001101
101001111111101110110110111100110001010000101
101111111111101110110011100100110001011101101
101111111111101110110011110110111001111111101
101111111111111111110111111111111001111111101
111001111111101111110111111110101111011111101
101001111111101111110011111111101111010001101
101111111111100111111011101111110011011100101
101111111111101111111011111111111001011111111
101111111111111111110111111110111111111111111
101111111111101111111111111111111111111111101
101111111111101111111011111111111111010111111
101111111111100111110011101111111111011111111
101111111111100111111111101110111111111111111
101111111111101111111111111111111111111111101
101011111111101111111111111111111111010111101
101001111111101111110010111001111111010111101
100011111111111111110001111001111111011111101
101111111111111111110111101111110111011111101
101111111111100111110111101111110011011111101
111111111111111111110111111111111111010111101
111101111111101111110001110101110111010011101
111111111111101111110101111101111111010110101
111111111111100111110111101111110101010110101
101111111111100111110111101010110001011011101
101001111111100111110111111000110001011111101
101001111111101111110111110001111101011111101
101111111111101111111111111001111111011111101
101111111111101111111111111110111111011111101
111111111111101111110111111111111111111111101
111111111111101111110111111111111111111111101
111111111111101111111111111111111111111111101
111111111111111111111111111111111111111111111
111111111111111111111111111111111111111111111
101111111111111111111111111111111111111111111
111011111111111111111111111111111001111111101
111011111111101111111111111111111101111111101
111011111111111111111111111111111101111111101
111111111111111111111111111111111101111111101
111111111111111111110111111111111101111111101
111011111111111111111111111111111001110111101
101011111111111111111111111111111001010111101
111111111111111111111111111111111001111111101
111111111111111111111111111110111101111111101
111111111111111111111111111111111101110111101
111111111111110111111111111111111001010011101
111111111111100111111111111110100001000011101
111111111111100111111111111110110001000011101
111111111111100111111111111111111001000011101
111111111111111111111111111001111101100011101
111111111111111111111111111100101101100011101
111111111111111111111111111010101101110011101
111111111111100111111111111011111101110111101
111011111111111111111111111111111101110111101
111010111111111111111111111111111101110111101
111011111111111111110111101111111101110011101
111001111111100111110111101111111101011111101
111011111111100111111111111111111101111111101
111011111111100111110111111111111101111111101
111010111111100111110111111111111101111111101
101000111111100111110111111111101101111111101
101010111111101111110111111111101101011111101
101010111111100111010111111111101101111111101
101000111111101111110011111011100101111111101
101001111111100111110111111011111101101111101
101001111111100111100111111111111101101111101
101001111111100111101111111111111101111111101
101000111111100111101111111111111101111111101
101001111111100111100011111111111101111111101
101000111111100111000111111111111101101111101
101000111111100111010111111111101101101111101
101001111111101111100111111111111101001111101
101001111111101111100111111111111101101111101
101001111111111111100111111111111101101111101
101001111111110111100111111111111101100011101
101001111111100111000111111111111101000011101
101001111111100111100111111111111101100011101
101001111111110111110111111111111101100011101
101001111111110111000101110101101101110011101
101001111111110111000111111111101101100011101
101001111111110111110111111111111111100011101
101000111111111111100111111111111101100011101
101000111111110111100111111111111101110011101
101000111111111111100111111111111101110111101
101000111111111111100111111111111111110111101
101000111111111111000111111111111101100111101
101001111111111111101111111111111111011111101
101001111111111111111111111111111111111111101
101000111111111111110111111111111101111111101
101001111111110111110111111111111101011111101
101000111111110111110111111111111111111111101
101010011111110111111111111111111111111111101
101010111111111111111111111111111111111111101
101000111111111111111111111111111101111111101
101000111111111111111111111111111101111111101
101000111111100111111111111111111101110111101
101000111111111111111111111111111101111111101
101000111111111111111111111111111101111111111
101000111111111111111111111111111101111111101
101010111111111111111111111111111101111111101
101011111111111111111111111111111101111111111
101010111111111111111111111111111101111111111
101011111111111111111111111111111111111111111
101011111111111111111111111111111111111111111
101000111111111111111111111111111111111111111
101001111111111111111111111111111111111111111
101001111111111111111111111111111111111111111
101010111111111111111111111111111111111111111
101010111111111111111111111111111111111111111
101000111111111111111111111111111111111111111
101000111111111111111111111111111111111111111
101000111111111111110111111111111111111111111
101011111111111111111111111111111111111111111
101011111111111111111111111111111111111111111
101001111111111111111111111111111101111111111
101001111111111111111111111111111111111111111
101001111111111111111111111111111101111111111
101011111111111111111111111111111111111111111
111011111111111111111111111111111111111111111
101011111111111111111111111111111111111111111
111011111111111111111111111111111111111111111
101011111111111111111111111111111111111111111
101001111111111111111111111111111111111111111
101001111111111111111111111111111111111111111
101001111111111111110111111111111111111111111
101001111111111111111111111111111111111111111
101001111111111111111111111111111111111111111
101001111111111111111111111111111111111111111
101001111111110111110111111111111111111111111
101001111111111111111111111111111111111111111
101001111111111111110111111111111111111111111
101001111111111111110111111111111111111111111
101001111111111111110111111111111111111111111
101001111111111111111111111111111111111111111
101001111111111111111111111111111111111111111
101001111111111111111111111111111111111111111
101001111111111111111111111111111111111111111
101001111111111111111111111111111101111111111
101001111111111111111111111111111111111111111
001001111111111111111111111111111111111111111
001001111111111111111111111111111111111111111
101001111111111111111111111111111111111111111
101001111111111111111111111111111111111111111
101001111111111111110111111111111111111111111
101001111111111111111111111111111111111111111
101001111111111111111111111111111111111111111
101011111111111111111111111111111111111111111
101011111111111111111111111111111101111111111
001001111111111111111111111111111101111111111
101001111111111111111111111111111111111111111
101011111111111111111111111111111101111111111
001011111111111111111111111111111111111111111
101011111111111111111111111111111111111111111
101011111111111111111111111111111101111111111
101001111111111111111111111111111111111111111
101001111111111111111111111111111111111111111
101001111111111111111111111111111111111111111
101011111111111111111111111111111111111111111
101011111111111111111111111111111111111111111
101011111111111111111111111111111101111111111
101011111111111111111111111111111101111111111
101001111111111111111111111111111101111111111
101001111111111111111111111111111111111111111
101011111111111111111111111111111111111111111
101001111111111111111111111111111111111111111
101001111111111111111111111111111111111111111
101001111111111111110111111111111101011111111
101001111111111111110111111111111101011111111
101001111111111111010111111110111111011110101
101001111111111101011111110110111101011110001
101001111111111111110111111111111101011111101
100001111111100111110111111111101101011111101
100001011110100111010111111111101001011110101
100000011110011111000110110111101001010110101
000000011110011111000110110100101001010111101
000001010110011111000111110001101001010111100
000001011110010111000110101101101001010111100
001000011110010111000111100101101001011111100
001000011110010111000100100001101001011111100
000000111100010111000100110001101000011111100
101000111100010111000101100001101000011111100
100010010110011111000100100000101000011110100
101010010110011111000100000000101000010110000
101000110110010111000100000001101000000110000
000000010110010111000100000001101000000110000
000000010100000101000100000010101000000010000
000000010100000101000100000010101100000010000
000000010110000111000100000011101100001010000
000000010110000101000100000011101100001010000
000000011100000101000100100011100100001010000
000000011100000000000100000010101100001010000
100000011100000001000100000010001000001010001
100000010110000000000101000000001000001010001
100000011110000000000101010000001000001010001
100000011110000000000100000011101000001110001
100000011110000000000100000011111000001110000
100000011110000001000100000011101000000111001
100000011110000001000100000011101000000010001
101000011010000000000100000011101000000010000
101000011000000000000100000011001000000010000
101000011000000000000100000010001000000010000
101000011010000000000101100011101000000010001
100000011100000010000101000000101100000110001
100000011100000001000100100000001100000110001
100000011100000001000100101010101100000111101
100000011100000000000101101010101100000110101
100000001110010000000101100010101100010110101
100000001110110001000101100011101100010010101
100000001111100000000101100011100000000010100
100000000011100000000100100011100100000010110
100000000011110001000100100011000100010011100
100000000011010001000100100111001100000010001
100000001011110001000100101011001100000010110
100000001011110001000101110011001101000011111
100000001111110000000101111011001101000011111
101000011111111011000101111011111101010011111
101000011111110101000100101011111101001111111
101000111111110110000101111011111101011111111
101001111111110111000101111111111101011111111
101001111111110111000111110111111100011111111
101000111111010100000100100011101100010011000
111000111111000100000100100001101010110010010
100000011110000100000100100001111000111010010
100001011111000100000111111111111100111011101
100001111111111100001111111111111100111111111
100001111111110101010111111111111101111111111
100001111111110101000111111111111101011111111
100001011111110101000111111111111101011111101
100001111111111101011101111111111100111011011
100000111111011101010101111111111101111111111
101000111111100101010111111111111101011111101
100001111111100101010111111111111101011111101
100001111111110101000111111111111101011111111
101001111111110101010111111111111101011111111
100001111111100101010111111111111101011111111
101001111111100101000101111111111101011111111
100001111111110101001101111111111100011111111
100000111111100101000111111111111100000111111
100000111111110101101111111111111100100111111
100000111111110101000111111111111101111111111
101011111111111101001101111111111101111111111
101001111111111101000111110111111111111111111
101001111111111101001111101111111101111111111
101001111111111101000101101111111101101111101
001001111111111101010111101111101101011111101
101001111111111101000101101111101101011111101
101000111111110101000101101111111110011111100
001000111111110101110111101111111111010111100
000000111111110111110101101111111111011111101
001000111111110111110111101111111111011111101
101001111111110111100111101111101111011111101
000000110111110111110111101111111111011111101
000000110111110111110111101111101111011111100
000000110111110101110111101111111111011111100
000000110111111101110111111111111111011111100
000000110111111101010111111111111111011111100
001000110111111111110111101111101111011111100
001010110111110111000111101111111111011111100
000010110111110101000111101111101110011111100
000010110111110111010111101111111111011111100
001000111111110111110111101111101111111111100
001000111111111111100111101111101101011111100
001000111111111111110111101111101111011111100
000000111111111111100111101111101111011111100
000000110111111111000101101111101100001111100
000000110111111111100111101111101101011111100
001000111111111111110111101111101101011111100
000000011111100111100111101111101100011111100
000000111111100111100111101111101101011111100
000000110111100111000101101111101100001111100
000000110111100111000101100111101100001111100
000000110111110111100101100111101100001111100
000000111111110111110101101111111100011111100
000001111111110111110111101111111100011111100
000001111111110111110111101111111101011111100
000001111111110111110111101111111101111111100
000001111111110111100111101111101101011111100
000000111111110101100101101111101101011111100
000000111111110101100101101111101100011111100
000001111111110111110111100111101100011111100
000000111111110101000101100111101100011111100
000000111111100101000101100111101100011111000
000000111111110101100101100111101100011111110
000101111111111111110111111111111101011111110
000101111111110111110111101111101101011111110
000101111111110111111111101111111101011111110
000101111111110111110111101111101101011111110
000101111111000111100101100011101101001111110
000000010110000101000000000111001100000011000
000000000110000100000000000000000000000000000
000000000000000000000000000000000000000000000
000000000000000000000000000000000000000000000
000000000000000000000000000000000000000000000
000000000000000000000000000000000000000000000
000000000000000000000000000000000000000000000
000000000000000000000000000000000000000000000
000000000000000000000000000000000000000000000
000000000000000000000000000000000000000000000
000000000000000000000000000000000000000000000
000000000000000000000000000000000000000000000
000000000000000000000000000000000000000000000
000000000000000000000000000000000000000000000
000000000000000000000000000000000000000000000
000000000000000000000000000000000000000000000
000000000000000000000000000000000000000000000
000000000000000000000000000000000000000000000
000000000000000000000000000000000000000000000
000000000000000000000000000000000000000000000
000000000000000000000000000000000000000000000
000000000000000000000000000000000000000000000
000000000000000000000000000000000000000000000
000000000000000000000000000000000000000000000
000000000000000000000000000000000000000000000
000000000000000000000000000000000000000000000
000000000000000000000000000000000000000000000
000000000000000000000000000000000000000000000
000000000000000000000000000000000000000000000
000000000000000000000000000000000000000000000
000000000000000000000000000000000000000000000
000000000000000000000000000000000000000000000
000000000000000000000000000000000000000000000
000000000000000000000000000000000000000000000
000000000000000000000000000000000000000000000
000000000000000000000000000000000000000000000
000000000000000000000000000000000000000000000
000000000000000000000000000000000000000000000
000000000000000000000000000000000000000000000
000000011100000100100100000011001000000001000
000001111110000101100100000001001000000000000
000001111100000101100100000001001000011010000
000001111101000100000110000011001000001010000
000001111111000100110111001101101000011011000
000001111111110001110101001101101101010001000
000001111110000001100101000001101110010000000
000001110100000110100100000111101000010010000
000001111101000111100110000111101111011011000
001001111111100101100110101111101111011011000
001001111101100101100110001111101101011001000
001001111111100101000111001111101100011011000
001000111111100100000111111111001111011010000
001001111111100111100111111111101111011011100
001001111111110111110111101111101111011011000
011001111111100111110110101111101111010011100
001001111111100111110111101111101111011011100
001001111111100111110111111111101111010011000
001001111111100111100111001111101001011010000
001001111101100100100111001111100101001010000
001001111111100100100111011111100111001001000
011001111111100101110111111111101101011001000
001001111111100111100111111111101111011011000
001001111111100111100110111111101011011011100
001001111101100111110111101111101111011011000
000001110100000101100111101111101001010011000
001001111101000101100110100111101100000010000
001001111111100111100111100101001110001011000
001001111111100111100111101101001110011011000
001001111111100111100111101111001110011011000
001001111111110011100110101011101110011011000
011001110100100101100110001111101111011000000
001001111111100101100111000011101111011000000
011001111111100100100111001111101111011000000
001001111100100100100111101111101011011001000
001001111100100100100111111111101111011000000
001001111110100100100111101111101111011011000
001001111111100111110111101111101111011010000
011001111111100111100111101111101111011011000
001001111111100111100110111111101011011010000
011001111101100101100111111111001111011011000
001001111111100101100111101111001111011010000
001001111101100111100110100111101111011010000
000001111101100110010110101111101001011010000
000001111101100111110110111111101011011010000
001001111111100111110111111111101111011011000
001001111111100111110111111111101111010011100
001001111101100111110110111111101111011011100
001001111101100111110111111111101011011011100
001001111101100111110111111111101111011011100
001001111101100111110111111111101011011011000
001001111101100110110110111111101111011010100
001001111101100110110111111111101011011011100
001001111111100110110111111111101111011011100
001001111111100111110111111111101111011011100
001001111101100110110110111111101011011010100
001001111101100111110111111111101111011011100
001001111101100110110111111111101011011011000
001001111101100111110111111111101111011011100
001001111101100110110110111111101011011011100
001001111101100110110111111111101011011011100
001001111111100110110111111111101111011011100
001001111111100111110111111111101011011010100
001001111101100110110110111111101111011011100
001001111101100111110111111111101011011011000
001001111100000111110110101111101011010010000
001001111101100111110110101111101011011011100
001001111101100110110110111111101011011010000
001001111101100110110111111111101011011011100
001001111111100110110111111111101111011011100
001001111111100111110111111111101111011011100
001001111101100110110110111111101011011010100
001001111101100111110110111111101111011011100
001001111101100110110111111111101011011011100
001001111101100111110110111111101011011010100
001001111101100110110110111111101011011010100
000001111101100110110111111111100011011011100
000001111111100110110111111111101111001011100
001001111111100110110111111111101011011010100
001001111101100110110110111111100011011011100
001001111101100111110111111111101011011011100
001001111101100111110110111111101111011010000
001001111101100110110110111111101011011010100
001001111101100110110110111111101011011010000
001001111101100110110111111111101011011011100
001001111101100110110111111111101111011011100
001001111111100110110111111111101111011011100
001001111101100110110110111111101011011010100
001001111101100111110110111111101111011011100
001001111101100110110111111111101011011010000
001001111101100110110110111111101011011010100
001001111101100110110110111111101011011010100
001001111101100110110111111111100011011011100
001001111101100110110111111111101111011011100
001001111111100110110110111111101011011010100
001001111101100110110110111111100011011010100
001001111101100110110111111111101011011010100
001001111101100111110110111111101111011010100
001001111101100110110110111111101011011010100
001001111101100110110110111111100011011010100
001001111101100110110111111111100011011011100
001001111101100110110111111111101111011011100
001001111101100110110111111111100011011011100
001001111101100110110110111111101011011010100
001001111101100111110110111111101011011010100
001001111101100110110111111111101011011010100
001001111101100110110110111111100011011010100
001001111101100110110110111111100011011010100
001001111101100110110111111111100011011010100
001001111101100110110111111111101111011011100
001001111101100110110110111111101011011010100
001001111101100110110110111111100011011010100
001001111101100110110110111111101011011010100
001001111101100110110110111111101011011010100
001001111101100110110110111111101011011010100
001001111101100110110110111111100011011010100
001001111101100110110110111111100011011010100
001001111101100110110110111111101111011011100
001001111101100110110111111111101011011010100
001001111101100110110110111111101011011010100
001001111101100111110110111111100011011010100
001001111101100110110111111111101011011010100
001001111101100110110110111111100011011010100
001001111101100110110110111111100011011010100
001001111101100110110110111111100011011010100
001001111101100110110111111111101011011011000
001001111101100110110110111111100011011010100
001001111101100110110110111111100011011010100
001001111101100110110110111111101011011010100
001001111101100110110110111111101111011010100
001001111101100110110110111111100011011010100
001001111101100110110110111111100011011010100
001001111101100110110110111111100011011010100
001001111101100110110110111111101111011010100
001001111101100110110110111111101011011010100
001001111101100110110110111111100011011010100
001001111101100110110110111111100011011010100
001001111101100110110111111111101011011011000
001001111101100110110110111111100011011010100
001001111101100110110110111111100011011010100
001001111101100110110110111111100011011010100
001001111101100110110111111111101011011010100
001001111101100111110110111111100011011010100
001001111101100110110110111111101011011010100
001001111101100110110111111111101011011010100
001001111101100110110110111111101111011011100
001001111101100110110110111111100011011010100
001001111101100110110110111111100011011010100
001001111101100110110110111111101011011010100
001001111101100110110110111111101011011010100
001001111101100110110110111111101011011010100
001001111101100110110110111111100011011010100
001001111101100110110110111111101011011010100
001001111101100110110111111111101111011011100
001001111101100110110111111111100011011010100
001001111101100110110110111111100011011010100
001001111101100110110110111111100011011010100
001001111101100110110111111111101011011010100
001001111101100111110110111111101011011010100
001001111101100110110110111111101011011010100
001001111101100110110111111111100011011011100
001001111101100110110111111111101111011011100
001001111101100110110111111111100011011011100
001001111101100110110110111111100011011010100
001001111101100110110110111111101011011010100
001001111101100111110110111111101111011010100
001001111101100110110111111111101011011010100
001001111101100110110110111111100011011010100
001001111111100110110110111111101011011010100
001001111101100110110111111111101111011011100
001001111101100110110111111111100011011011100
001001111101100110110110111111101011011010100
001001111101100110110110111111101011011010100
001001111101100110110111111111101011011010000
001001111101100111110110111111101111011011100
001001111101100110110110111111101011011010100
001001111111100110110111111111101111011011100
001001111101100110110111111111101111011011100
001001111101100110110111111111101011011011100
001001111101100110110110111111101011011010000
001001111101100110110110111111101011011010100
001001111101100111110110111111101111011010000
001001111101100111110111111111101011011011100
001001111101100110110110111111100011011011100
001001111111100110110111111111101011011010100
000001111111100110110111111111101111001011100
000001111101100110110111111111100011011011100
001001111101100110110110111111101011011010100
001001111101100111110110111111101011011010100
001001111101100110110111111111101011011011100
001001111101100111110110111111101111011011100
001001111101100110110110111111101011011010100
001001111111100111110111111111101111011011100
001001111111100110110111111111101111011011100
001001111101100110110111111111101011011011100
001001111101100110110110111111101011011010000
001001111101100111110110101111101011011011100
001001111100000111110110101111101011010010000
001001111101100111110111111111101011011011000
001001111101100110110110111111101111011011100
001001111111100111110111111111101011011010100
001001111111100110110111111111101111011011100
001001111101100110110111111111101011011011100
001001111101100110110110111111101011011011100
001001111101100111110111111111101111011011100
001001111101100110110111111111101011011011000
001001111101100111110111111111101111011011100
001001111101100110110110111111101011011010100
001001111111100111110111111111101111011011100
001001111111100110110111111111101111011011100
001001111101100110110111111111101011011011100
001001111101100110110110111111101111011010100
001001111101100111110111111111101011011011000
001001111101100111110111111111101111011011100
001001111101100111110111111111101011011011100
001001111101100111110110111111101111011011100
001001111111100111110111111111101111010011100
001001111111100111110111111111101111011011000
000001111101100111110110111111101011011010000
000001111101100110010110101111101001011010000
001001111101100111100110100111101111011010000
001001111111100101100111101111001111011010000
011001111101100101100111111111001111011011000
001001111111100111100110111111101011011010000
011001111111100111100111101111101111011011000
001001111111100111110111101111101111011010000
001001111110100100100111101111101111011011000
001001111100100100100111111111101111011000000
001001111100100100100111101111101011011001000
011001111111100100100111001111101111011000000
001001111111100101100111000011101111011000000
011001110100100101100110001111101111011000000
001001111111110011100110101011101110011011000
001001111111100111100111101111001110011011000
001001111111100111100111101101001110011011000
001001111111100111100111100101001110001011000
001001111101000101100110100111101100000010000
000001110100000101100111101111101001010011000
001001111101100111110111101111101111011011000
001001111111100111100110111111101011011011100
001001111111100111100111111111101111011011000
011001111111100101110111111111101101011001000
001001111111100100100111011111100111001001000
001001111101100100100111001111100101001010000
001001111111100111100111001111101001011010000
001001111111100111110111111111101111010011000
001001111111100111110111101111101111011011100
011001111111100111110110101111101111010011100
001001111111110111110111101111101111011011000
001001111111100111100111111111101111011011100
001000111111100100000111111111001111011010000
001001111111100101000111001111101100011011000
001001111101100101100110001111101101011001000
001001111111100101100110101111101111011011000
000001111101000111100110000111101111011011000
000001110100000110100100000111101000010010000
000001111110000001100101000001101110010000000
000001111111110001110101001101101101010001000
000001111111000100110111001101101000011011000
000001111101000100000110000011001000001010000
000001111100000101100100000001001000011010000
000001111110000101100100000001001000000000000
000000011100000100100100000011001000000001000
000000000000000000000000000000000000000000000
000000000000000000000000000000000000000000000
000000000000000000000000000000000000000000000
000000000000000000000000000000000000000000000
000000000000000000000000000000000000000000000
000000000000000000000000000000000000000000000
000000000000000000000000000000000000000000000
000000000000000000000000000000000000000000000
000000000000000000000000000000000000000000000
000000000000000000000000000000000000000000000
000000000000000000000000000000000000000000000
000000000000000000000000000000000000000000000
000000000000000000000000000000000000000000000
000000000000000000000000000000000000000000000
000000000000000000000000000000000000000000000
000000000000000000000000000000000000000000000
000000000000000000000000000000000000000000000
000000000000000000000000000000000000000000000
000000000000000000000000000000000000000000000
000000000000000000000000000000000000000000000
000000000000000000000000000000000000000000000
000000000000000000000000000000000000000000000
000000000000000000000000000000000000000000000
000000000000000000000000000000000000000000000
000000000000000000000000000000000000000000000
000000000000000000000000000000000000000000000
000000000000000000000000000000000000000000000
000000000000000000000000000000000000000000000
000000000000000000000000000000000000000000000
000000000000000000000000000000000000000000000
000000000000000000000000000000000000000000000
000000000000000000000000000000000000000000000
000000000000000000000000000000000000000000000
000000000000000000000000000000000000000000000
000000000000000000000000000000000000000000000
000000000000000000000000000000000000000000000
000000000000000000000000000000000000000000000
000000000110000100000000000000000000000000000
000000010110000101000000000111001100000011000
000101111111000111100101100011101101001111110
000101111111110111110111101111101101011111110
000101111111110111111111101111111101011111110
000101111111110111110111101111101101011111110
000101111111111111110111111111111101011111110
000000111111110101100101100111101100011111110
000000111111100101000101100111101100011111000
000000111111110101000101100111101100011111100
000001111111110111110111100111101100011111100
000000111111110101100101101111101100011111100
000000111111110101100101101111101101011111100
000001111111110111100111101111101101011111100
000001111111110111110111101111111101111111100
000001111111110111110111101111111101011111100
000001111111110111110111101111111100011111100
000000111111110111110101101111111100011111100
000000110111110111100101100111101100001111100
000000110111100111000101100111101100001111100
000000110111100111000101101111101100001111100
000000111111100111100111101111101101011111100
000000011111100111100111101111101100011111100
001000111111111111110111101111101101011111100
000000110111111111100111101111101101011111100
000000110111111111000101101111101100001111100
000000111111111111100111101111101111011111100
001000111111111111110111101111101111011111100
001000111111111111100111101111101101011111100
001000111111110111110111101111101111111111100
000010110111110111010111101111111111011111100
000010110111110101000111101111101110011111100
001010110111110111000111101111111111011111100
001000110111111111110111101111101111011111100
000000110111111101010111111111111111011111100
000000110111111101110111111111111111011111100
000000110111110101110111101111111111011111100
000000110111110111110111101111101111011111100
000000110111110111110111101111111111011111101
101001111111110111100111101111101111011111101
001000111111110111110111101111111111011111101
000000111111110111110101101111111111011111101
001000111111110101110111101111111111010111100
101000111111110101000101101111111110011111100
101001111111111101000101101111101101011111101
001001111111111101010111101111101101011111101
101001111111111101000101101111111101101111101
101001111111111101001111101111111101111111111
101001111111111101000111110111111111111111111
101011111111111101001101111111111101111111111
100000111111110101000111111111111101111111111
100000111111110101101111111111111100100111111
100000111111100101000111111111111100000111111
100001111111110101001101111111111100011111111
101001111111100101000101111111111101011111111
100001111111100101010111111111111101011111111
101001111111110101010111111111111101011111111
100001111111110101000111111111111101011111111
100001111111100101010111111111111101011111101
101000111111100101010111111111111101011111101
100000111111011101010101111111111101111111111
100001111111111101011101111111111100111011011
100001011111110101000111111111111101011111101
100001111111110101000111111111111101011111111
100001111111110101010111111111111101111111111
100001111111111100001111111111111100111111111
100001011111000100000111111111111100111011101
100000011110000100000100100001111000111010010
111000111111000100000100100001101010110010010
101000111111010100000100100011101100010011000
101001111111110111000111110111111100011111111
101001111111110111000101111111111101011111111
101000111111110110000101111011111101011111111
101000011111110101000100101011111101001111111
101000011111111011000101111011111101010011111
100000001111110000000101111011001101000011111
100000001011110001000101110011001101000011111
100000001011110001000100101011001100000010110
100000000011010001000100100111001100000010001
100000000011110001000100100011000100010011100
100000000011100000000100100011100100000010110
100000001111100000000101100011100000000010100
100000001110110001000101100011101100010010101
100000001110010000000101100010101100010110101
100000011100000000000101101010101100000110101
100000011100000001000100101010101100000111101
100000011100000001000100100000001100000110001
100000011100000010000101000000101100000110001
101000011010000000000101100011101000000010001
101000011000000000000100000010001000000010000
101000011000000000000100000011001000000010000
101000011010000000000100000011101000000010000
100000011110000001000100000011101000000010001
100000011110000001000100000011101000000111001
100000011110000000000100000011111000001110000
100000011110000000000100000011101000001110001
100000011110000000000101010000001000001010001
100000010110000000000101000000001000001010001
100000011100000001000100000010001000001010001
000000011100000000000100000010101100001010000
000000011100000101000100100011100100001010000
000000010110000101000100000011101100001010000
000000010110000111000100000011101100001010000
000000010100000101000100000010101100000010000
000000010100000101000100000010101000000010000
000000010110010111000100000001101000000110000
101000110110010111000100000001101000000110000
101010010110011111000100000000101000010110000
100010010110011111000100100000101000011110100
101000111100010111000101100001101000011111100
000000111100010111000100110001101000011111100
001000011110010111000100100001101001011111100
001000011110010111000111100101101001011111100
000001011110010111000110101101101001010111100
000001010110011111000111110001101001010111100
000000011110011111000110110100101001010111101
100000011110011111000110110111101001010110101
100001011110100111010111111111101001011110101
100001111111100111110111111111101101011111101
101001111111111111110111111111111101011111101
101001111111111101011111110110111101011110001
101001111111111111010111111110111111011110101
101001111111111111110111111111111101011111111
101001111111111111110111111111111101011111111
101001111111111111111111111111111111111111111
101001111111111111111111111111111111111111111
101011111111111111111111111111111111111111111
101001111111111111111111111111111111111111111
101001111111111111111111111111111101111111111
101011111111111111111111111111111101111111111
101011111111111111111111111111111101111111111
101011111111111111111111111111111111111111111
101011111111111111111111111111111111111111111
101001111111111111111111111111111111111111111
101001111111111111111111111111111111111111111
101001111111111111111111111111111111111111111
101011111111111111111111111111111101111111111
101011111111111111111111111111111111111111111
001011111111111111111111111111111111111111111
101011111111111111111111111111111101111111111
101001111111111111111111111111111111111111111
001001111111111111111111111111111101111111111
101011111111111111111111111111111101111111111
101011111111111111111111111111111111111111111
101001111111111111111111111111111111111111111
101001111111111111111111111111111111111111111
101001111111111111110111111111111111111111111
101001111111111111111111111111111111111111111
101001111111111111111111111111111111111111111
001001111111111111111111111111111111111111111
001001111111111111111111111111111111111111111
101001111111111111111111111111111111111111111
101001111111111111111111111111111101111111111
101001111111111111111111111111111111111111111
101001111111111111111111111111111111111111111
101001111111111111111111111111111111111111111
101001111111111111111111111111111111111111111
101001111111111111110111111111111111111111111
101001111111111111110111111111111111111111111
101001111111111111110111111111111111111111111
101001111111111111111111111111111111111111111
101001111111110111110111111111111111111111111
101001111111111111111111111111111111111111111
101001111111111111111111111111111111111111111
101001111111111111111111111111111111111111111
101001111111111111110111111111111111111111111
101001111111111111111111111111111111111111111
101001111111111111111111111111111111111111111
101011111111111111111111111111111111111111111
111011111111111111111111111111111111111111111
101011111111111111111111111111111111111111111
111011111111111111111111111111111111111111111
101011111111111111111111111111111111111111111
101001111111111111111111111111111101111111111
101001111111111111111111111111111111111111111
101001111111111111111111111111111101111111111
101011111111111111111111111111111111111111111
101011111111111111111111111111111111111111111
101000111111111111110111111111111111111111111
101000111111111111111111111111111111111111111
101000111111111111111111111111111111111111111
101010111111111111111111111111111111111111111
101010111111111111111111111111111111111111111
101001111111111111111111111111111111111111111
101001111111111111111111111111111111111111111
101000111111111111111111111111111111111111111
101011111111111111111111111111111111111111111
101011111111111111111111111111111111111111111
101010111111111111111111111111111101111111111
101011111111111111111111111111111101111111111
101010111111111111111111111111111101111111101
101000111111111111111111111111111101111111101
101000111111111111111111111111111101111111111
101000111111111111111111111111111101111111101
101000111111100111111111111111111101110111101
101000111111111111111111111111111101111111101
101000111111111111111111111111111101111111101
101010111111111111111111111111111111111111101
101010011111110111111111111111111111111111101
101000111111110111110111111111111111111111101
101001111111110111110111111111111101011111101
101000111111111111110111111111111101111111101
101001111111111111111111111111111111111111101
101001111111111111101111111111111111011111101
101000111111111111000111111111111101100111101
101000111111111111100111111111111111110111101
101000111111111111100111111111111101110111101
101000111111110111100111111111111101110011101
101000111111111111100111111111111101100011101
101001111111110111110111111111111111100011101
101001111111110111000111111111101101100011101
101001111111110111000101110101101101110011101
101001111111110111110111111111111101100011101
101001111111100111100111111111111101100011101
101001111111100111000111111111111101000011101
101001111111110111100111111111111101100011101
101001111111111111100111111111111101101111101
101001111111101111100111111111111101101111101
101001111111101111100111111111111101001111101
101000111111100111010111111111101101101111101
101000111111100111000111111111111101101111101
101001111111100111100011111111111101111111101
101000111111100111101111111111111101111111101
101001111111100111101111111111111101111111101
101001111111100111100111111111111101101111101
101001111111100111110111111011111101101111101
101000111111101111110011111011100101111111101
101010111111100111010111111111101101111111101
101010111111101111110111111111101101011111101
101000111111100111110111111111101101111111101
111010111111100111110111111111111101111111101
111011111111100111110111111111111101111111101
111011111111100111111111111111111101111111101
111001111111100111110111101111111101011111101
111011111111111111110111101111111101110011101
111010111111111111111111111111111101110111101
111011111111111111111111111111111101110111101
111111111111100111111111111011111101110111101
111111111111111111111111111010101101110011101
111111111111111111111111111100101101100011101
111111111111111111111111111001111101100011101
111111111111100111111111111111111001000011101
111111111111100111111111111110110001000011101
111111111111100111111111111110100001000011101
111111111111110111111111111111111001010011101
111111111111111111111111111111111101110111101
111111111111111111111111111110111101111111101
111111111111111111111111111111111001111111101
101011111111111111111111111111111001010111101
111011111111111111111111111111111001110111101
111111111111111111110111111111111101111111101
111111111111111111111111111111111101111111101
111011111111111111111111111111111101111111101
111011111111101111111111111111111101111111101
111011111111111111111111111111111001111111101
101111111111111111111111111111111111111111111
111111111111111111111111111111111111111111111
111111111111111111111111111111111111111111111
111111111111101111111111111111111111111111101
111111111111101111110111111111111111111111101
111111111111101111110111111111111111111111101
101111111111101111111111111110111111011111101
101111111111101111111111111001111111011111101
101001111111101111110111110001111101011111101
101001111111100111110111111000110001011111101
101111111111100111110111101010110001011011101
111111111111100111110111101111110101010110101
111111111111101111110101111101111111010110101
111101111111101111110001110101110111010011101
111111111111111111110111111111111111010111101
101111111111100111110111101111110011011111101
101111111111111111110111101111110111011111101
100011111111111111110001111001111111011111101
101001111111101111110010111001111111010111101
101011111111101111111111111111111111010111101
101111111111101111111111111111111111111111101
101111111111100111111111101110111111111111111
101111111111100111110011101111111111011111111
101111111111101111111011111111111111010111111
101111111111101111111111111111111111111111101
101111111111111111110111111110111111111111111
101111111111101111111011111111111001011111111
101111111111100111111011101111110011011100101
101001111111101111110011111111101111010001101
111001111111101111110111111110101111011111101
101111111111111111110111111111111001111111101
101111111111101110110011110110111001111111101
101111111111101110110011100100110001011101101
101001111111101110110110111100110001010000101
101101111111101111110011111111110011010001101
101111111111101111110011111000110001011100101
101111111111101111110001110100110001011100101
101101001111100111110000101100110001011101101
101001001111000111110010101101100001000000101
101001111111101111110010101100101001010011101
101111111111111111110001111000111101011111101
101111111111111111110001110001111111011111101
101111011111101110110011110100111001011110100
101001111111000110010011001100110001010100100
111001111111101110110011001110110001011111100
101111111111111111110011111111111101111111100
101111111111111111110011110110111111111111110
101111111111111111110011111110111111011111110
000001111111111111111111111111110101001100110
000011111101111111110111101111110001111111110
100111101101101110010001000000100101111100100
100111001101111110010011101000100111011100100
101001111101101111110111101101100111011100110
101001111101100111110011101001100111000000010
100001001110100010010001101000000001000000110
100111000101100010010001101100000011001100111
101111101101110010110001101100110111011100100
100001111101111111110111111100100111111100100
000001001101111111110011111000000111000000000
100001001101111110110011101000100011000000000
000011111111110111110001100000110011101100110
000001101101110011110111101100100011111110100
000001101100111110110111111110000111111100100
000000101100101110110111011010100111101000000
010001101101111110110101111000100111111100000
000011111101100010000111111000000011011100000
010011101101100100000111110000000011101100000
000001101100111110110111110100100111101000100
000000001100101110010001011000000111001000000
010001101101111110000000001000000110001100100
010001101101110110000000111000000011101100100
000000000001100000010011101100100001100100100
000001000000100000110011001100100001000100100
000001001100000011110001000000000011010000100
000001101110001110110011111000100011010000100
000001001101111110110111111100111111111100100
000001111101101111110111111100101011111110100
000001111111101110110111001110101011011111110
000001111111001110110011111111101011110101100
000000101111111111110011111011111111111101100
000000001111101011110111111000011011000100000
011000111101001111010111101100001111001100000
011001111101000111110111001111100000011111100
000000110010000111110000010011100010010001100
000000000010001011110000110000000010100100000
000000000000000000000000000000000000000100000
000000000000000000000000000000000000000000000
000000000000000000000000000000000000000000000