000000000000000000000000000000000000000000000
000000000000000000000000000000000000000000000
000000000000000000000000000000010000000000010
000000000000000000000000000001110000000110110
000111110011111011111111111111111011100100000
010111111111111111111111111111111111111111100
011111111111111111110111111111111111111101110
011001111111100111010111111001101101001100000
000000111111101011111111111001011011000100000
000001111111111111111111111111111111111111110
000111111111111110111111111111111111111101100
010111111111101110110111011111101111111111110
000001111111111110111111101111101111111110100
000001111111101110110111111100111111111100100
000011001111111010110111111001111111011100110
000111001111110010110001001001111111011100100
000001000001111100110011011101111111111100110
000000000001111100011011111111111111111100110
000000101111111110001111111111111111111100100
010011101111111110000111101111111111011100000
000010101111111110010111111111111111001100000
000011111111111110111011010100111111101100000
010011111111100000000011010000001111101100000
000011111111101000000111011000001111011100000
000011111111111110111111111110110111111100000
000000101111111010111111011111111111101100000
000001101111111110111111111111111111111100100
000001101111111111110111111111111111111110110
000011101111111110111111111111111111111100110
000011111111111110110111101001111111011100000
000011111111111111110011101001111111001100000
000011101111111111110111101001110111111100100
000011101111111110111111101111111111111100100
000011111111111110011111111111111111111100110
000111111111111110011111110011111111111100110
000111111111111111111011101011111111111100010
000111111111111110111111101111111111111100110
000111111111111110011111001001111111011100100
000011111111101110011111000001111111011100100
000111111111111111110111101111111101111111110
000111111111111111111111111111111101001100110
000111111111111111111111111111111111011110110
011111111111111111111111111111111111111111110
011111111111111111111111111111111111111111100
011111111111101110110011110110111111111110100
010111111111101110010011110000111111111100100
101111111111101110111111111111111111111100100
000111111111111111111111111111111111111111110
101111111111111111111111111111111111111111111
001111111111111111111111111111111111111111101
001111111111111111111111111111111111011111100
001111111111111111111111111111111111011111100
101111111111111110111111111111111111011100111
101111111111111110111111111001111111011100111
101111111111111110111111111111111111111101111
101111111111111110111111111111111111111100111
111011111111101110111111111110111111111100101
111111111111101110011111101110111111111101100
101011111111111110111111101111111111111111101
101111111111111111111111101111111111111111111
101011111111111111111111101111111111011100111
101011111111111111111111111111111111011100111
111011111111111111111111101111111111111111111
101011111111111111111111101111111111111111111
101011111111111111111111101111111111111111111
101011111111111111111111101111111111111111111
101011111111111111111111101111111111111111111
101011111111111111111111111111111111111111111
101011111111101110111111101111111111011111111
101111111111111111111111101111111111111111111
101011111111111111111111101111111111011111101
100001111111111111111111101111111111001101101
100011111111111111111111101111111111011111111
101011111111111111110111100111111111011111111
101011111111111111010111100111111111011101101
101001111111111111010111100111110111011101101
101001111111111110010110100111111111011101101
101001111011111101010110100011111111010011101
101001111011111111010011100011111111010001101
101011111011111111010111101011110111010111111
101011111111111111010111101111110111011111111
101001111111101111010111101011111111011111101
101001111111101111010111101011111111011111101
101001111111101111110111101111111111011111111
101001111111111111111111101111111111111111111
101001111111111111111111101111111111111111111
101011111111111111111111101111111111111111111
101011111111111111111111101111111111111111111
101001111111111111111111101111111111111111111
101001111111111111111111101111111111111111111
101001111111111111010111101111111111111111111
101001111111111111111111111111111111111111111
101011111111111111111111101111111111111111111
101011111111111101111111101111111111111111111
101011111111111101111111101111111111111111101
101011111111111111111111101111111111111111101
101011111111111111111111101111111111111111111
101011111111111101111111101111111111111111111
101011111111111111111111101111111111111111111
101011111111111101111111101111111111111111111
101011111111111101111111101111111111111111101
101011111111111101111111101111111111111111101
101011111111111101111111101111111111111110101
101011111111111100011111101111111111111110101
101011111111111101011111001111111111111111101
101011111111111101010111101111111111111111101
101011111111111101001111101111111111111111101
101011111111111101001111101111111111111111101
101011111111110101011110101111111111110111101
101001111111100101010111101111111111110011101
101001111111100101000111101111111111011011101
101001111011110101000111101111111111011111101
101001111111100101000111100111111111011111101
101001111111100101011111100111111111111111101
101001111111110111011111100111111111111111101
101001111111110101001111101111111111111111101
101001111111111101001111100011111111111111101
101001111111100101001111101111111111111111101
101001111111100101001111101011111111111111101
101001111111111101001111100011111111101111101
101001111111110101000111100111111111101111101
101001111111101101000111100111111111111111101
101001111111111101001111101111111111111111101
101001111111111101001111101111111111100011101
101001111111111101001111101111111111111111101
101001111111111101001111100111111111100011101
101001111111111101000111101111111111100011101
101001111111111101000111101111111111100011101
101001111111111101000111101111111111110011101
101001111111111101000111101111111111111011101
101001111111111111001111101111111111111011101
101001111111111101001111101111111111101011101
101001111111111111001111101111111111110011101
101001111111111111001111101111111111110011101
101001111111111111001111101111111111110011101
101001111111111101000111101111111111110011101
101001111111111111000111101111111111110011101
101001111111111111001111101111111111110011101
101001111111111101001111101111111111110011101
101011111111111101001111101111111111111111101
101011111111111101001111101111111111111111101
101011111111111111001111101111111111111111101
101011111111111111011111101111111111111111101
101011111111111111011111101111111111111111111
101011111111111111011101101111111111111111101
101011111111111101011111101111111111111111101
101011111111111111111111101111111111111111101
111011111111111111111111101111111111111111101
111111111111111111111111111111111111111111111
111111111111111111111111111111111111111111111
101011111111111111111111111111111111111111101
101011111111111111111111101111111111111111101
101111111111111111111111101111111111111111101
101111111111111111111111101111111111111111101
101111111111111111111111101111111111111111101
101111111111111111111111111111111111111111101
101111111111111111111111101111111111111111111
111111111111111111111111101111111111111111101
101111111111111111111111101111111111111111101
101111111111111111111111101111111111111111101
111111111111111111111111101111111111111111111
111111111111111111111111101111111111111111111
111111111111111111111111111111111111111111111
111111111111111111111111111111111111111111111
101111111111111111111111111111111111111111101
111111111111111111111111111111111111111111101
111111111111111111111111101111111111111111101
101111111111111111111111101111111111111111111
101111111111111111111111101111111111111111111
111111111111111111111111111111111111111111111
111111111111111111111111111111111111111111101
101111111111111111111111101111111111111111101
111111111111111111111111111111111111111111111
111111111111111111111111111111111111111111111
111111111111111111111111111111111111111111111
111111111111111111111111111111111111111111111
111011111111111111111111111111111111111111101
101111111111111111111111111111111111111111111
111111111111111111111111111111111111111111111
111111111111111111111111111111111111111111111
111111111111111111111111101111111111111111111
101011111111111111111111101111111111111111111
101001111111111111111111101111111111111111111
101101111111111111111111101111111111111111111
101111111111111111111111101111111111111111111
101011111111111111110111111111111111111111111
101111111111111111110111111111111111111111111
101011111111111111111111111111111111111111111
101011111111111111111111111111111111111111111
101111111111111111111111111111111111111111101
101111111111111111111111111111111111111111111
101011111111111111111111111111111111111111111
101011111111111111111111111111111111111111111
001111111111111111111111111111111111111111101
001111111111111111111111111111111111111111111
101011111111111111111111111111111111111111101
101111111111111111111111101111111111111111101
111111111111111111111111111111111111111111101
101111111111111111111111111111111111111111101
101111111111111111111111111111111111111111101
101111111111111111111111101111111111111111101
001111111111111111111111101111111111111111101
001111111111111111111111101111111111111111101
101111111111111111111111111111111111111111101
101111111111111111111111111111111111111111101
011111111111111111111111111111111111111111111
111111111111111111111111111111111111111111111
111111111111111111111111111111111111111111111
111111111111111111111111111111111111111111111
101111111111111111111111101111111111111111101
111111111111111111111111111111111111111111101
111111111111111111111111111111111111111111101
111111111111111111111111111111111111111111101
111111111111111111111111111111111111111111101
111111111111111111111111101111111111111111101
101111111111111111111111101111111111111111101
101111111111111111111111101111111111111111101
111111111111111111111111101111111111111111101
111111111111111111111111101111111111111111101
111111111111111111111111101111111111111111101
111011111111111111111111101111111111111111101
101011111111111111111111101111111111011110101
101111111111111111111111101110111111011110101
111111111111111111111111101110111111011110101
101011111111111111111111001111111111011110101
101011111111111111111111001111111111011110101
111011111110111111011111101111111111011110101
010011111110011111001110100110111111011111101
000011111110011111101110100110111001011111100
000011010110011111000111100101111001011111100
000011011110011111001110100100111001010111100
000011011110011111010110000100111011011111100
000011111110011011000101100001111011011111100
000011111110011111000101100000111000011111100
101011111100011111000100100000111000011111100
100011110100011111000100100000111000011110100
000011111110011111000100000000111000011110000
000011110010011111000100000000111000010110000
000011010110011111000100000000111000000100000
000000010100011101000100000010111000000010000
000000010100011101000100000010111100011010000
000000110110011101000100000010111110001010000
000000110110010101000100100010111110001010000
001000111100010001000100100010110110001010000
001000111100010001000100000010111110001010000
000000111100010001000100000010011000001000001
100000110110010000000100000010011000001010000
100000111110000000000100000000011010001010000
100000111110000000000100000010111010001110000
100000111110010000000100000010011010001110000
100000111110000001000100000010011010001010001
101000111110000001000100000010011000000010001
101000111010000000000100000010011000000010000
101000111110000001000100000010011010000010000
101000111110000000000100000010011010000010000
101000111010000001000100100010011010000010000
101000111110100000000101100001111110010110001
100000111100110000000100100000011100010111001
101001111100110001000100100111111110000011001
101000111100111001000101101110111110000110101
101000111110111001000101101010111110010010101
101000101110110001000101100010111110010010101
101000111111110000000100101011100010010010000
101000101011110000000100000011100100010010000
101000000000000000000100000010000100000010000
111000100001000000000100000000000100000010000
111101101011111001000100001011111110000011100
111110101111111001000100001011111111101011101
111110111111111001001101101011111111111111101
101111111111111001001100101011111111111011101
111111111111111101001100101011111111111111101
111111111111111101001100101011111111111111101
111111111111111101001101101111111111111111101
111111111111111111011110101111111111111111101
111110111111111101001100101111111111111111001
101110111111111100001100001100111110110110001
101111111111111101001101001110111110111111101
111111111111111101011111101111111111111111101
111111111111111111011111101111111111111111101
111111111111111110001101101111111111111111101
111111111111111101001101101111111111111111101
111111111111111101011111101111111111111111101
111111111111111101011111101111111111111111101
111111111111111101011111101111111111111111101
111111111111111101011111101110111111111111101
111111111111111111011111101110111111111111111
111111111111111101011111101111111111111111101
111111111111111101011111101111111111111111101
111111111111111101101111101110111111111111101
111111111111111101001111101111111111111111101
111111111111111101001111101111111111111111101
111010111111111101001101100111111111111111101
111110111111110000001101101111111111111111001
111111111111111101001101101110111111111111101
111111111111111101001111101111111111111111111
111111111111111101011111101111111111111111111
111111111111111101111111101111111111101111101
111111111111111101111111101111111111101111101
111111111111111101111111101111111111111111101
101011111111111101111111101111111111111111101
101001111111111101110111101111111111111111101
011111111111111101110111101111111111111111101
011011111111111101110111101111111111111111101
111111111111111111110111101111111110111111101
111111111111111111100111101111101111111111101
000000110111111101100111101111111111011111101
000000110110110100000100100111101110011111100
000000110111110101000101100111101110011111100
011000110111111111110111101111111110011111100
001000110111111111110111101111111111111111100
001110111111111111110111101111111111111111101
001110110111111111110111101111101110111111100
000110110111111111110111101111111110111111100
000110110111111111110111101111111111111111100
001010111111111111110111101111111111111111100
001000111111111111110111101111111111111111100
001000111111111111110111101111101111111111100
000000111111111111100111101111101111111111100
000000111111111111100111101111101110101111100
000000110111111111000111100111101100101111100
000000110111111111100111101111101101011111100
000000111111110111100111101111101100111111100
000001111111110111100111101111101100111111100
000001111111111111110111101111101100111111100
000001111111110111110111101111101100111111100
000001111111110111110111101111101100111111100
000001111111110111110111101111101100011111100
000001111111110111110111101111101100111111100
000001111111110111110111101111101100111111100
000001111111110111110111100111101100011111100
000001111111110111100111100111101100011111100
000001111111111111100111101111101100011111100
000001111111110111110111101111101100011111100
000001111111110111110111100111101100011111100
000001111111100101100111100101101100001111100
000001111111100101000111100011101100001011000
000001111111110101100111100111101100011111110
000001111111110111100111100111101100011111100
000001111111110111100111100111101100011111100
000000111111000101100110100011101100001011000
000000111111000100000100100011101100000011100
000000110111000100000100100001001100000001000
000000000000000000000000000000000000000000000
000000000000000000000000000000000000000000000
000000000000000000000000000000000000000000000
000000000000000000000000000000000000000000000
000000000000000000000000000000000000000000000
000000000000000000000000000000000000000000000
000000000000000000000000000000000000000000000
000000000000000000000000000000000000000000000
000000000000000000000000000000000000000000000
000000000000000000000000000000000000000000000
000000000000000000000000000000000000000000000
000000000000000000000000000000000000000000000
000000000000000000000000000000000000000000000
000000000000000000000000000000000000000000000
000000000000000000000000000000000000000000000
000000000000000000000000000000000000000000000
000000000000000000000000000000000000000000000
000000000000000000000000000000000000000000000
000000000000000000000000000000000000000000000
000000000000000000000000000000000000000000000
000000000000000000000000000000000000000000000
000000000000000000000000000000000000000000000
000000000000000000000000000000000000000000000
000000000000000000000000000000000000000000000
000000000000000000000000000000000000000000000
000000000000000000000000000000000000000000000
000000000000000000000000000000000000000000000
000000000000000000000000000000000000000000000
000000000000000000000000000000000000000000000
000000000000000000000000000000000000000000000
000000000000000000000000000000000000000000000
000000000000000000000000000000000000000000000
000000000000000000000000000000000000000000000
000000000000000000000000000000000000000000000
000000000000000000000000000000000000000000000
000000000000000000000000000000000000000000000
000000000000000000000000000000000000000000000
000000000000000000000000000000000000000000000
000000000000000000000000000000000000000000000
000000000000000000000000000000000000000000000
000000000000000000000000000000000000000000000
000000000000000000000000000000000000000000000
000000000000000000000000000000000000000000000
000000000000000000000000000000000000000000000
000000000000000000000000000000000000000000000
000000000000000000000000000000000000000000000
000000000000000000000000000000000000000000000
000000000000000000000000000000000000000000000
000000000000000000000000000000000000000000000
000000000000000000000000000000000000000000000
000000000000000000000000000000000000000000000
000000000000000000000000000000000000000000000
000000000000000000000000000000000000000000000
000000000000000000000000000000000000000000000
000000000000000000000000000000000000000000000
000000000000000000000000000000000000000000000
000000000000000000000000000000000000000000000
000000000000000000000000000000000000000000000
000000000000000000000000000000000000000000000
000000000000000000000000000000000000000000000
000000000000000000000000000000000000000000000
000100001100000000000010001001000000000000000
000110011101000000100110001101101001010000000
000111111111110100110110001111101111111100000
000111111111110100110111011111101011111111000
000111111111111110110111111111111111111100000
000111111111111110110111111111111111111110000
000111111111111110110111111111111111111111100
000111111111111110110111111111111111111111100
000111111111111110110111111111111111111111100
000111111111111110110111111111111111111111100
000111111111111111110111111111111111111111100
000111111111111111110111111111111111111110110
000111111111111110110111111111111111111111100
000111111111111110110111111111111111111110100
000111111111111110110111111111111111111111100
000111111111111110110111111111111111111111110
000111111111111110110111111111111111111111100
000111111111111110110111111111111111111110110
000111111111111111110111111111111111111111110
000111111111111110110111111111111111111111110
000111111111111110110111111111111111111110110
000111111111111110110111111111111111111111110
000111111111111110110111111111111111111111110
000111111111111110110111111111111111111111100
000111111111111110110111111111111111111111110
000111111111111110110111111111111111111111110
000111111111111110110111111111111111111111110
000111111111111110110111111111111111111110110
000111111111111110110111111111111111111111100
000111111111111110110111111111111111111110110
000111111111111110110111111111111111111111110
000111111111111110110111111111111111111111110
000111111111111110110111111111111111111111110
000111111111111110110111111111111111111110100
000111111111111110110111111111111111111111110
000111111111111110110111111111111111111111110
000111111111111110110111111111111111111110110
000111111111111110110111111111111111111110110
000111111111111110110111111111111111111111110
000111111111111110110111111111111111111111110
000111111111111110110111111111111111111110110
000111111111111110110111111111111111111111110
000111111111111110110111111111111111111111100
000111111111111110110111111111111111111110100
000111111111111110110111111111111111111111110
000111111111111110110111111111111111111110100
000111111111111110110111111111111111111111100
000111111111111110110111111111111111111111110
000111111111111110110111111111111111111111110
000111111111111110110111111111111111111110110
000111111111111110110111111111111111111111110
000111111111111110110111111111111111111110100
000111111111111110110111111111111111111110100
000111111111111110110111111111111111111110100
000111111111111110110111111111111111111111110
000111111111111110110111111111111111111111110
000111111111111110110111111111111111111110110
000111111111111110110111111111111111111110110
000111111111111110110111111111111111111111110
000111111111111110110111111111111111111110110
000111111111111110110111111111111111111110110
000111111111111110110111111111111111111110110
000111111111111110110111111111111111111111110
000111111111111110110111111111111111111111110
000111111111111110110111111111111111111111110
000111111111111110110111111111111111111110110
000111111111111110110111111111111111111110110
000111111111111110110111111111111111111110110
000111111111111110110111111111111111111110110
000111111111111110110111111111111111111110110
000111111111111110110111111111111111111110110
000111111111111110110111111111111111111111110
000111111111111110110111111111111111111110110
000111111111111110110111111111111111111110110
000111111111111110110111111111111111111110110
000111111111111110110111111111111111111110110
000111111111111110110111111111111111111110110
000111111111111110110111111111111111111110110
000111111111111110110111111111111111111110100
000111111111111110110111111111111111111111110
000111111111111110110111111111111111111110110
000111111111111110110111111111111111111110110
000111111111111110110111111111111111111110100
000111111111111110110111111111111111111110110
000111111111111110110111111111111111111110110
000111111111111110110111111111111111111110110
000111111111111110110111111111111111111110110
000111111111111110110111111111111111111111110
000111111111111110110111111111111111111110110
000111111111111110110111111111111111111110110
000111111111111110110111111111111111111110110
000111111111111110110111111111111111111110110
000111111111111110110111111111111111111110110
000111111111111110110111111111111111111110110
000111111111111110110111111111111111111110110
000111111111111110110111111111111111111110110
000111111111111110110111111111111111111110110
000111111111111110110111111111111111111110110
000111111111111110110111111111111111111110110
000111111111111110110111111111111111111110110
000111111111111110110111111111111111111110110
000111111111111110110111111111111111111110110
000111111111111110110111111111111111111110110
000111111111111110110111111111111111111110110
000111111111111110110111111111111111111110110
000111111111111110110111111111111111111110110
000111111111111110110111111111111111111110110
000111111111111110110111111111111111111110110
000111111111111110110111111111111111111110110
000111111111111110110111111111111111111110110
000111111111111110110111111111111111111110110
000111111111111110110111111111111111111110110
000111111111111110110111111111111111111110110
000111111111111110110111111111111111111110110
000111111111111110110111111111111111111110110
000111111111111110110111111111111111111110110
000111111111111110110111111111111111111110110
000111111111111110110111111111111111111110110
000111111111111110110111111111111111111110110
000111111111111110110111111111111111111110110
000111111111111110110111111111111111111110110
000111111111111110110111111111111111111110110
000111111111111110110111111111111111111110110
000111111111111110110111111111111111111110110
000111111111111110110111111111111111111110110
000111111111111110110111111111111111111110110
000111111111111110110111111111111111111110110
000111111111111110110111111111111111111110110
000111111111111110110111111111111111111110110
000111111111111110110111111111111111111110110
000111111111111110110111111111111111111110110
000111111111111110110111111111111111111111110
000111111111111110110111111111111111111110110
000111111111111110110111111111111111111110110
000111111111111110110111111111111111111110110
000111111111111110110111111111111111111110110
000111111111111110110111111111111111111110100
000111111111111110110111111111111111111110110
000111111111111110110111111111111111111110110
000111111111111110110111111111111111111111110
000111111111111110110111111111111111111110100
000111111111111110110111111111111111111110110
000111111111111110110111111111111111111110110
000111111111111110110111111111111111111110110
000111111111111110110111111111111111111110110
000111111111111110110111111111111111111110110
000111111111111110110111111111111111111110110
000111111111111110110111111111111111111111110
000111111111111110110111111111111111111110110
000111111111111110110111111111111111111110110
000111111111111110110111111111111111111110110
000111111111111110110111111111111111111110110
000111111111111110110111111111111111111110110
000111111111111110110111111111111111111110110
000111111111111110110111111111111111111111110
000111111111111110110111111111111111111111110
000111111111111110110111111111111111111111110
000111111111111110110111111111111111111110110
000111111111111110110111111111111111111110110
000111111111111110110111111111111111111110110
000111111111111110110111111111111111111111110
000111111111111110110111111111111111111110110
000111111111111110110111111111111111111110110
000111111111111110110111111111111111111111110
000111111111111110110111111111111111111111110
000111111111111110110111111111111111111110100
000111111111111110110111111111111111111110100
000111111111111110110111111111111111111110100
000111111111111110110111111111111111111111110
000111111111111110110111111111111111111110110
000111111111111110110111111111111111111111110
000111111111111110110111111111111111111111110
000111111111111110110111111111111111111111100
000111111111111110110111111111111111111110100
000111111111111110110111111111111111111111110
000111111111111110110111111111111111111110100
000111111111111110110111111111111111111111100
000111111111111110110111111111111111111111110
000111111111111110110111111111111111111110110
000111111111111110110111111111111111111111110
000111111111111110110111111111111111111111110
000111111111111110110111111111111111111110110
000111111111111110110111111111111111111110110
000111111111111110110111111111111111111111110
000111111111111110110111111111111111111111110
000111111111111110110111111111111111111110100
000111111111111110110111111111111111111111110
000111111111111110110111111111111111111111110
000111111111111110110111111111111111111111110
000111111111111110110111111111111111111110110
000111111111111110110111111111111111111111100
000111111111111110110111111111111111111110110
000111111111111110110111111111111111111111110
000111111111111110110111111111111111111111110
000111111111111110110111111111111111111111110
000111111111111110110111111111111111111111100
000111111111111110110111111111111111111111110
000111111111111110110111111111111111111111110
000111111111111110110111111111111111111110110
000111111111111110110111111111111111111111110
000111111111111111110111111111111111111111110
000111111111111110110111111111111111111110110
000111111111111110110111111111111111111111100
000111111111111110110111111111111111111111110
000111111111111110110111111111111111111111100
000111111111111110110111111111111111111110100
000111111111111110110111111111111111111111100
000111111111111111110111111111111111111110110
000111111111111111110111111111111111111111100
000111111111111110110111111111111111111111100
000111111111111110110111111111111111111111100
000111111111111110110111111111111111111111100
000111111111111110110111111111111111111111100
000111111111111110110111111111111111111110000
000111111111111110110111111111111111111100000
000111111111110100110111011111101011111111000
000111111111110100110110001111101111111100000
000110011101000000100110001101101001010000000
000100001100000000000010001001000000000000000
000000000000000000000000000000000000000000000
000000000000000000000000000000000000000000000
000000000000000000000000000000000000000000000
000000000000000000000000000000000000000000000
000000000000000000000000000000000000000000000
000000000000000000000000000000000000000000000
000000000000000000000000000000000000000000000
000000000000000000000000000000000000000000000
000000000000000000000000000000000000000000000
000000000000000000000000000000000000000000000
000000000000000000000000000000000000000000000
000000000000000000000000000000000000000000000
000000000000000000000000000000000000000000000
000000000000000000000000000000000000000000000
000000000000000000000000000000000000000000000
000000000000000000000000000000000000000000000
000000000000000000000000000000000000000000000
000000000000000000000000000000000000000000000
000000000000000000000000000000000000000000000
000000000000000000000000000000000000000000000
000000000000000000000000000000000000000000000
000000000000000000000000000000000000000000000
000000000000000000000000000000000000000000000
000000000000000000000000000000000000000000000
000000000000000000000000000000000000000000000
000000000000000000000000000000000000000000000
000000000000000000000000000000000000000000000
000000000000000000000000000000000000000000000
000000000000000000000000000000000000000000000
000000000000000000000000000000000000000000000
000000000000000000000000000000000000000000000
000000000000000000000000000000000000000000000
000000000000000000000000000000000000000000000
000000000000000000000000000000000000000000000
000000000000000000000000000000000000000000000
000000000000000000000000000000000000000000000
000000000000000000000000000000000000000000000
000000000000000000000000000000000000000000000
000000000000000000000000000000000000000000000
000000000000000000000000000000000000000000000
000000000000000000000000000000000000000000000
000000000000000000000000000000000000000000000
000000000000000000000000000000000000000000000
000000000000000000000000000000000000000000000
000000000000000000000000000000000000000000000
000000000000000000000000000000000000000000000
000000000000000000000000000000000000000000000
000000000000000000000000000000000000000000000
000000000000000000000000000000000000000000000
000000000000000000000000000000000000000000000
000000000000000000000000000000000000000000000
000000000000000000000000000000000000000000000
000000000000000000000000000000000000000000000
000000000000000000000000000000000000000000000
000000000000000000000000000000000000000000000
000000000000000000000000000000000000000000000
000000000000000000000000000000000000000000000
000000000000000000000000000000000000000000000
000000000000000000000000000000000000000000000
000000000000000000000000000000000000000000000
000000000000000000000000000000000000000000000
000000110111000100000100100001001100000001000
000000111111000100000100100011101100000011100
000000111111000101100110100011101100001011000
000001111111110111100111100111101100011111100
000001111111110111100111100111101100011111100
000001111111110101100111100111101100011111110
000001111111100101000111100011101100001011000
000001111111100101100111100101101100001111100
000001111111110111110111100111101100011111100
000001111111110111110111101111101100011111100
000001111111111111100111101111101100011111100
000001111111110111100111100111101100011111100
000001111111110111110111100111101100011111100
000001111111110111110111101111101100111111100
000001111111110111110111101111101100111111100
000001111111110111110111101111101100011111100
000001111111110111110111101111101100111111100
000001111111110111110111101111101100111111100
000001111111111111110111101111101100111111100
000001111111110111100111101111101100111111100
000000111111110111100111101111101100111111100
000000110111111111100111101111101101011111100
000000110111111111000111100111101100101111100
000000111111111111100111101111101110101111100
000000111111111111100111101111101111111111100
001000111111111111110111101111101111111111100
001000111111111111110111101111111111111111100
001010111111111111110111101111111111111111100
000110110111111111110111101111111111111111100
000110110111111111110111101111111110111111100
001110110111111111110111101111101110111111100
001110111111111111110111101111111111111111101
001000110111111111110111101111111111111111100
011000110111111111110111101111111110011111100
000000110111110101000101100111101110011111100
000000110110110100000100100111101110011111100
000000110111111101100111101111111111011111101
111111111111111111100111101111101111111111101
111111111111111111110111101111111110111111101
011011111111111101110111101111111111111111101
011111111111111101110111101111111111111111101
101001111111111101110111101111111111111111101
101011111111111101111111101111111111111111101
111111111111111101111111101111111111111111101
111111111111111101111111101111111111101111101
111111111111111101111111101111111111101111101
111111111111111101011111101111111111111111111
111111111111111101001111101111111111111111111
111111111111111101001101101110111111111111101
111110111111110000001101101111111111111111001
111010111111111101001101100111111111111111101
111111111111111101001111101111111111111111101
111111111111111101001111101111111111111111101
111111111111111101101111101110111111111111101
111111111111111101011111101111111111111111101
111111111111111101011111101111111111111111101
111111111111111111011111101110111111111111111
111111111111111101011111101110111111111111101
111111111111111101011111101111111111111111101
111111111111111101011111101111111111111111101
111111111111111101011111101111111111111111101
111111111111111101001101101111111111111111101
111111111111111110001101101111111111111111101
111111111111111111011111101111111111111111101
111111111111111101011111101111111111111111101
101111111111111101001101001110111110111111101
101110111111111100001100001100111110110110001
111110111111111101001100101111111111111111001
111111111111111111011110101111111111111111101
111111111111111101001101101111111111111111101
111111111111111101001100101011111111111111101
111111111111111101001100101011111111111111101
101111111111111001001100101011111111111011101
111110111111111001001101101011111111111111101
111110101111111001000100001011111111101011101
111101101011111001000100001011111110000011100
111000100001000000000100000000000100000010000
101000000000000000000100000010000100000010000
101000101011110000000100000011100100010010000
101000111111110000000100101011100010010010000
101000101110110001000101100010111110010010101
101000111110111001000101101010111110010010101
101000111100111001000101101110111110000110101
101001111100110001000100100111111110000011001
100000111100110000000100100000011100010111001
101000111110100000000101100001111110010110001
101000111010000001000100100010011010000010000
101000111110000000000100000010011010000010000
101000111110000001000100000010011010000010000
101000111010000000000100000010011000000010000
101000111110000001000100000010011000000010001
100000111110000001000100000010011010001010001
100000111110010000000100000010011010001110000
100000111110000000000100000010111010001110000
100000111110000000000100000000011010001010000
100000110110010000000100000010011000001010000
000000111100010001000100000010011000001000001
001000111100010001000100000010111110001010000
001000111100010001000100100010110110001010000
000000110110010101000100100010111110001010000
000000110110011101000100000010111110001010000
000000010100011101000100000010111100011010000
000000010100011101000100000010111000000010000
000011010110011111000100000000111000000100000
000011110010011111000100000000111000010110000
000011111110011111000100000000111000011110000
100011110100011111000100100000111000011110100
101011111100011111000100100000111000011111100
000011111110011111000101100000111000011111100
000011111110011011000101100001111011011111100
000011011110011111010110000100111011011111100
000011011110011111001110100100111001010111100
000011010110011111000111100101111001011111100
000011111110011111101110100110111001011111100
010011111110011111001110100110111111011111101
111011111110111111011111101111111111011110101
101011111111111111111111001111111111011110101
101011111111111111111111001111111111011110101
111111111111111111111111101110111111011110101
101111111111111111111111101110111111011110101
101011111111111111111111101111111111011110101
111011111111111111111111101111111111111111101
111111111111111111111111101111111111111111101
111111111111111111111111101111111111111111101
111111111111111111111111101111111111111111101
101111111111111111111111101111111111111111101
101111111111111111111111101111111111111111101
111111111111111111111111101111111111111111101
111111111111111111111111111111111111111111101
111111111111111111111111111111111111111111101
111111111111111111111111111111111111111111101
111111111111111111111111111111111111111111101
101111111111111111111111101111111111111111101
111111111111111111111111111111111111111111111
111111111111111111111111111111111111111111111
111111111111111111111111111111111111111111111
011111111111111111111111111111111111111111111
101111111111111111111111111111111111111111101
101111111111111111111111111111111111111111101
001111111111111111111111101111111111111111101
001111111111111111111111101111111111111111101
101111111111111111111111101111111111111111101
101111111111111111111111111111111111111111101
101111111111111111111111111111111111111111101
111111111111111111111111111111111111111111101
101111111111111111111111101111111111111111101
101011111111111111111111111111111111111111101
001111111111111111111111111111111111111111111
001111111111111111111111111111111111111111101
101011111111111111111111111111111111111111111
101011111111111111111111111111111111111111111
101111111111111111111111111111111111111111111
101111111111111111111111111111111111111111101
101011111111111111111111111111111111111111111
101011111111111111111111111111111111111111111
101111111111111111110111111111111111111111111
101011111111111111110111111111111111111111111
101111111111111111111111101111111111111111111
101101111111111111111111101111111111111111111
101001111111111111111111101111111111111111111
101011111111111111111111101111111111111111111
111111111111111111111111101111111111111111111
111111111111111111111111111111111111111111111
111111111111111111111111111111111111111111111
101111111111111111111111111111111111111111111
111011111111111111111111111111111111111111101
111111111111111111111111111111111111111111111
111111111111111111111111111111111111111111111
111111111111111111111111111111111111111111111
111111111111111111111111111111111111111111111
101111111111111111111111101111111111111111101
111111111111111111111111111111111111111111101
111111111111111111111111111111111111111111111
101111111111111111111111101111111111111111111
101111111111111111111111101111111111111111111
111111111111111111111111101111111111111111101
111111111111111111111111111111111111111111101
101111111111111111111111111111111111111111101
111111111111111111111111111111111111111111111
111111111111111111111111111111111111111111111
111111111111111111111111101111111111111111111
111111111111111111111111101111111111111111111
101111111111111111111111101111111111111111101
101111111111111111111111101111111111111111101
111111111111111111111111101111111111111111101
101111111111111111111111101111111111111111111
101111111111111111111111111111111111111111101
101111111111111111111111101111111111111111101
101111111111111111111111101111111111111111101
101111111111111111111111101111111111111111101
101011111111111111111111101111111111111111101
101011111111111111111111111111111111111111101
111111111111111111111111111111111111111111111
111111111111111111111111111111111111111111111
111011111111111111111111101111111111111111101
101011111111111111111111101111111111111111101
101011111111111101011111101111111111111111101
101011111111111111011101101111111111111111101
101011111111111111011111101111111111111111111
101011111111111111011111101111111111111111101
101011111111111111001111101111111111111111101
101011111111111101001111101111111111111111101
101011111111111101001111101111111111111111101
101001111111111101001111101111111111110011101
101001111111111111001111101111111111110011101
101001111111111111000111101111111111110011101
101001111111111101000111101111111111110011101
101001111111111111001111101111111111110011101
101001111111111111001111101111111111110011101
101001111111111111001111101111111111110011101
101001111111111101001111101111111111101011101
101001111111111111001111101111111111111011101
101001111111111101000111101111111111111011101
101001111111111101000111101111111111110011101
101001111111111101000111101111111111100011101
101001111111111101000111101111111111100011101
101001111111111101001111100111111111100011101
101001111111111101001111101111111111111111101
101001111111111101001111101111111111100011101
101001111111111101001111101111111111111111101
101001111111101101000111100111111111111111101
101001111111110101000111100111111111101111101
101001111111111101001111100011111111101111101
101001111111100101001111101011111111111111101
101001111111100101001111101111111111111111101
101001111111111101001111100011111111111111101
101001111111110101001111101111111111111111101
101001111111110111011111100111111111111111101
101001111111100101011111100111111111111111101
101001111111100101000111100111111111011111101
101001111011110101000111101111111111011111101
101001111111100101000111101111111111011011101
101001111111100101010111101111111111110011101
101011111111110101011110101111111111110111101
101011111111111101001111101111111111111111101
101011111111111101001111101111111111111111101
101011111111111101010111101111111111111111101
101011111111111101011111001111111111111111101
101011111111111100011111101111111111111110101
101011111111111101111111101111111111111110101
101011111111111101111111101111111111111111101
101011111111111101111111101111111111111111101
101011111111111101111111101111111111111111111
101011111111111111111111101111111111111111111
101011111111111101111111101111111111111111111
101011111111111111111111101111111111111111111
101011111111111111111111101111111111111111101
101011111111111101111111101111111111111111101
101011111111111101111111101111111111111111111
101011111111111111111111101111111111111111111
101001111111111111111111111111111111111111111
101001111111111111010111101111111111111111111
101001111111111111111111101111111111111111111
101001111111111111111111101111111111111111111
101011111111111111111111101111111111111111111
101011111111111111111111101111111111111111111
101001111111111111111111101111111111111111111
101001111111111111111111101111111111111111111
101001111111101111110111101111111111011111111
101001111111101111010111101011111111011111101
101001111111101111010111101011111111011111101
101011111111111111010111101111110111011111111
101011111011111111010111101011110111010111111
101001111011111111010011100011111111010001101
101001111011111101010110100011111111010011101
101001111111111110010110100111111111011101101
101001111111111111010111100111110111011101101
101011111111111111010111100111111111011101101
101011111111111111110111100111111111011111111
100011111111111111111111101111111111011111111
100001111111111111111111101111111111001101101
101011111111111111111111101111111111011111101
101111111111111111111111101111111111111111111
101011111111101110111111101111111111011111111
101011111111111111111111111111111111111111111
101011111111111111111111101111111111111111111
101011111111111111111111101111111111111111111
101011111111111111111111101111111111111111111
101011111111111111111111101111111111111111111
111011111111111111111111101111111111111111111
101011111111111111111111111111111111011100111
101011111111111111111111101111111111011100111
101111111111111111111111101111111111111111111
101011111111111110111111101111111111111111101
111111111111101110011111101110111111111101100
111011111111101110111111111110111111111100101
101111111111111110111111111111111111111100111
101111111111111110111111111111111111111101111
101111111111111110111111111001111111011100111
101111111111111110111111111111111111011100111
001111111111111111111111111111111111011111100
001111111111111111111111111111111111011111100
001111111111111111111111111111111111111111101
101111111111111111111111111111111111111111111
000111111111111111111111111111111111111111110
101111111111101110111111111111111111111100100
010111111111101110010011110000111111111100100
011111111111101110110011110110111111111110100
011111111111111111111111111111111111111111100
011111111111111111111111111111111111111111110
000111111111111111111111111111111111011110110
000111111111111111111111111111111101001100110
000111111111111111110111101111111101111111110
000011111111101110011111000001111111011100100
000111111111111110011111001001111111011100100
000111111111111110111111101111111111111100110
000111111111111111111011101011111111111100010
000111111111111110011111110011111111111100110
000011111111111110011111111111111111111100110
000011101111111110111111101111111111111100100
000011101111111111110111101001110111111100100
000011111111111111110011101001111111001100000
000011111111111110110111101001111111011100000
000011101111111110111111111111111111111100110
000001101111111111110111111111111111111110110
000001101111111110111111111111111111111100100
000000101111111010111111011111111111101100000
000011111111111110111111111110110111111100000
000011111111101000000111011000001111011100000
010011111111100000000011010000001111101100000
000011111111111110111011010100111111101100000
000010101111111110010111111111111111001100000
010011101111111110000111101111111111011100000
000000101111111110001111111111111111111100100
000000000001111100011011111111111111111100110
000001000001111100110011011101111111111100110
000111001111110010110001001001111111011100100
000011001111111010110111111001111111011100110
000001111111101110110111111100111111111100100
000001111111111110111111101111101111111110100
010111111111101110110111011111101111111111110
000111111111111110111111111111111111111101100
000001111111111111111111111111111111111111110
000000111111101011111111111001011011000100000
011001111111100111010111111001101101001100000
011111111111111111110111111111111111111101110
010111111111111111111111111111111111111111100
000111110011111011111111111111111011100100000
000000000000000000000000000001110000000110110
000000000000000000000000000000010000000000010
000000000000000000000000000000000000000000000